d,o,h,l,c,v,a,mc,s,m,rs
2019-01-02,5700.0,5720.0,5210.0,5540.0,368130.0,2049103950.0,1091285232760.0,196982894,KOSPI,tradable_ohlcv
2019-01-03,5570.0,5640.0,5520.0,5580.0,332741.0,1860615080.0,1099164548520.0,196982894,KOSPI,tradable_ohlcv
2019-01-04,5520.0,5600.0,5500.0,5590.0,284005.0,1579954530.0,1101134377460.0,196982894,KOSPI,tradable_ohlcv
2019-01-07,5620.0,5640.0,5530.0,5600.0,259446.0,1444720740.0,1103104206400.0,196982894,KOSPI,tradable_ohlcv
2019-01-08,5590.0,5620.0,5530.0,5620.0,338163.0,1891851220.0,1107043864280.0,196982894,KOSPI,tradable_ohlcv
2019-01-09,5620.0,5620.0,5570.0,5600.0,210863.0,1178399490.0,1103104206400.0,196982894,KOSPI,tradable_ohlcv
2019-01-10,5590.0,5610.0,5520.0,5540.0,358440.0,1998821900.0,1091285232760.0,196982894,KOSPI,tradable_ohlcv
2019-01-11,5550.0,5600.0,5550.0,5550.0,166805.0,928413350.0,1093255061700.0,196982894,KOSPI,tradable_ohlcv
2019-01-14,5550.0,5600.0,5460.0,5460.0,260195.0,1431575780.0,1075526601240.0,196982894,KOSPI,tradable_ohlcv
2019-01-15,5460.0,5580.0,5460.0,5580.0,160521.0,887961390.0,1099164548520.0,196982894,KOSPI,tradable_ohlcv
2019-01-16,5560.0,5640.0,5550.0,5580.0,235064.0,1318119900.0,1099164548520.0,196982894,KOSPI,tradable_ohlcv
2019-01-17,5620.0,5680.0,5600.0,5680.0,391072.0,2206461710.0,1118862837920.0,196982894,KOSPI,tradable_ohlcv
2019-01-18,5640.0,5720.0,5640.0,5670.0,602167.0,3422214580.0,1116893008980.0,196982894,KOSPI,tradable_ohlcv
2019-01-21,5680.0,5680.0,5620.0,5640.0,150548.0,850047790.0,1110983522160.0,196982894,KOSPI,tradable_ohlcv
2019-01-22,5680.0,5680.0,5630.0,5650.0,138016.0,779242310.0,1112953351100.0,196982894,KOSPI,tradable_ohlcv
2019-01-23,5620.0,5680.0,5600.0,5650.0,214267.0,1209526210.0,1112953351100.0,196982894,KOSPI,tradable_ohlcv
2019-01-24,5670.0,5690.0,5620.0,5680.0,328591.0,1858809910.0,1118862837920.0,196982894,KOSPI,tradable_ohlcv
2019-01-25,5680.0,5750.0,5660.0,5710.0,329767.0,1879704000.0,1124772324740.0,196982894,KOSPI,tradable_ohlcv
2019-01-28,5720.0,5750.0,5680.0,5700.0,357577.0,2039757880.0,1122802495800.0,196982894,KOSPI,tradable_ohlcv
2019-01-29,5700.0,5830.0,5680.0,5820.0,447552.0,2569112260.0,1146440443080.0,196982894,KOSPI,tradable_ohlcv
2019-01-30,5840.0,6060.0,5840.0,6030.0,1615434.0,9713548720.0,1187806850820.0,196982894,KOSPI,tradable_ohlcv
2019-01-31,6060.0,6290.0,6050.0,6210.0,1305811.0,8078844340.0,1223263771740.0,196982894,KOSPI,tradable_ohlcv
2019-02-01,6190.0,6300.0,6130.0,6240.0,779665.0,4876761210.0,1229173258560.0,196982894,KOSPI,tradable_ohlcv
2019-02-07,6240.0,6310.0,6200.0,6300.0,560452.0,3525005990.0,1240992232200.0,196982894,KOSPI,tradable_ohlcv
2019-02-08,6250.0,6300.0,6200.0,6250.0,318931.0,1997066740.0,1231143087500.0,196982894,KOSPI,tradable_ohlcv
2019-02-11,6200.0,6240.0,6040.0,6060.0,469709.0,2860655640.0,1193716337640.0,196982894,KOSPI,tradable_ohlcv
2019-02-12,6060.0,6120.0,6060.0,6080.0,373145.0,2275488690.0,1197655995520.0,196982894,KOSPI,tradable_ohlcv
2019-02-13,6080.0,6230.0,6080.0,6170.0,313907.0,1940876490.0,1215384455980.0,196982894,KOSPI,tradable_ohlcv
2019-02-14,6160.0,6210.0,6120.0,6130.0,222578.0,1373643260.0,1207505140220.0,196982894,KOSPI,tradable_ohlcv
2019-02-15,6170.0,6220.0,6110.0,6150.0,245255.0,1512412850.0,1211444798100.0,196982894,KOSPI,tradable_ohlcv
2019-02-18,6130.0,6200.0,6120.0,6180.0,244976.0,1510472990.0,1217354284920.0,196982894,KOSPI,tradable_ohlcv
2019-02-19,6150.0,6180.0,6060.0,6100.0,258589.0,1582868730.0,1201595653400.0,196982894,KOSPI,tradable_ohlcv
2019-02-20,6100.0,6130.0,6070.0,6090.0,352578.0,2148404960.0,1199625824460.0,196982894,KOSPI,tradable_ohlcv
2019-02-21,6080.0,6130.0,6050.0,6050.0,219990.0,1336471780.0,1191746508700.0,196982894,KOSPI,tradable_ohlcv
2019-02-22,6050.0,6190.0,6050.0,6180.0,466190.0,2866325570.0,1217354284920.0,196982894,KOSPI,tradable_ohlcv
2019-02-25,6180.0,6230.0,6100.0,6220.0,349838.0,2160123910.0,1225233600680.0,196982894,KOSPI,tradable_ohlcv
2019-02-26,6200.0,6200.0,6130.0,6160.0,257238.0,1585899650.0,1213414627040.0,196982894,KOSPI,tradable_ohlcv
2019-02-27,6100.0,6150.0,5980.0,6010.0,389309.0,2346574100.0,1183867192940.0,196982894,KOSPI,tradable_ohlcv
2019-02-28,6040.0,6060.0,5940.0,5940.0,312865.0,1875512140.0,1170078390360.0,196982894,KOSPI,tradable_ohlcv
2019-03-04,5950.0,6030.0,5900.0,5930.0,386379.0,2299423130.0,1168108561420.0,196982894,KOSPI,tradable_ohlcv
2019-03-05,5990.0,5990.0,5860.0,5910.0,322509.0,1904228540.0,1164168903540.0,196982894,KOSPI,tradable_ohlcv
2019-03-06,5950.0,5970.0,5900.0,5900.0,192635.0,1142920720.0,1162199074600.0,196982894,KOSPI,tradable_ohlcv
2019-03-07,5900.0,5990.0,5890.0,5930.0,239613.0,1422495460.0,1168108561420.0,196982894,KOSPI,tradable_ohlcv
2019-03-08,5890.0,5970.0,5830.0,5850.0,270583.0,1586098610.0,1152349929900.0,196982894,KOSPI,tradable_ohlcv
2019-03-11,5860.0,5940.0,5790.0,5870.0,286810.0,1675418990.0,1156289587780.0,196982894,KOSPI,tradable_ohlcv
2019-03-12,5900.0,5940.0,5840.0,5850.0,252685.0,1481214650.0,1152349929900.0,196982894,KOSPI,tradable_ohlcv
2019-03-13,5850.0,5880.0,5820.0,5850.0,176506.0,1032520070.0,1152349929900.0,196982894,KOSPI,tradable_ohlcv
2019-03-14,5860.0,5890.0,5830.0,5890.0,190248.0,1114490180.0,1160229245660.0,196982894,KOSPI,tradable_ohlcv
2019-03-15,5870.0,6030.0,5860.0,6030.0,481220.0,2877944990.0,1187806850820.0,196982894,KOSPI,tradable_ohlcv
2019-03-18,6030.0,6030.0,5900.0,5950.0,269579.0,1600735860.0,1172048219300.0,196982894,KOSPI,tradable_ohlcv
2019-03-19,5950.0,5950.0,5850.0,5870.0,226077.0,1332422810.0,1156289587780.0,196982894,KOSPI,tradable_ohlcv
2019-03-20,5880.0,5900.0,5830.0,5860.0,242107.0,1417530070.0,1154319758840.0,196982894,KOSPI,tradable_ohlcv
2019-03-21,5880.0,5920.0,5810.0,5830.0,222029.0,1300138650.0,1148410272020.0,196982894,KOSPI,tradable_ohlcv
2019-03-22,5850.0,5850.0,5740.0,5790.0,408282.0,2359468870.0,1140530956260.0,196982894,KOSPI,tradable_ohlcv
2019-03-25,5750.0,5760.0,5570.0,5580.0,694990.0,3913581960.0,1099164548520.0,196982894,KOSPI,tradable_ohlcv
2019-03-26,5630.0,5630.0,5540.0,5550.0,279622.0,1560242230.0,1093255061700.0,196982894,KOSPI,tradable_ohlcv
2019-03-27,5570.0,5620.0,5540.0,5600.0,240555.0,1341688780.0,1103104206400.0,196982894,KOSPI,tradable_ohlcv
2019-03-28,5590.0,5610.0,5520.0,5550.0,267346.0,1483962490.0,1093255061700.0,196982894,KOSPI,tradable_ohlcv
2019-03-29,5580.0,5600.0,5540.0,5570.0,265619.0,1479127840.0,1097194719580.0,196982894,KOSPI,tradable_ohlcv
2019-04-01,5600.0,5680.0,5580.0,5660.0,259636.0,1468429140.0,1114923180040.0,196982894,KOSPI,tradable_ohlcv
2019-04-02,5680.0,5860.0,5670.0,5830.0,851522.0,4951410890.0,1148410272020.0,196982894,KOSPI,tradable_ohlcv
2019-04-03,5800.0,5860.0,5780.0,5850.0,188547.0,1096269890.0,1152349929900.0,196982894,KOSPI,tradable_ohlcv
2019-04-04,5820.0,5840.0,5760.0,5790.0,297800.0,1726399720.0,1140530956260.0,196982894,KOSPI,tradable_ohlcv
2019-04-05,5810.0,5810.0,5740.0,5770.0,373454.0,2153715920.0,1136591298380.0,196982894,KOSPI,tradable_ohlcv
2019-04-08,5790.0,5790.0,5710.0,5730.0,270886.0,1556003800.0,1128711982620.0,196982894,KOSPI,tradable_ohlcv
2019-04-09,5750.0,5750.0,5670.0,5680.0,284826.0,1620545590.0,1118862837920.0,196982894,KOSPI,tradable_ohlcv
2019-04-10,5690.0,5740.0,5650.0,5700.0,338492.0,1924459460.0,1122802495800.0,196982894,KOSPI,tradable_ohlcv
2019-04-11,5730.0,5770.0,5710.0,5760.0,248853.0,1428107050.0,1134621469440.0,196982894,KOSPI,tradable_ohlcv
2019-04-12,5760.0,5760.0,5680.0,5690.0,387936.0,2212453220.0,1120832666860.0,196982894,KOSPI,tradable_ohlcv
2019-04-15,5730.0,5760.0,5700.0,5720.0,295149.0,1690790780.0,1126742153680.0,196982894,KOSPI,tradable_ohlcv
2019-04-16,5720.0,5730.0,5680.0,5730.0,192171.0,1096513810.0,1128711982620.0,196982894,KOSPI,tradable_ohlcv
2019-04-17,5730.0,5750.0,5700.0,5710.0,158424.0,906923930.0,1124772324740.0,196982894,KOSPI,tradable_ohlcv
2019-04-18,5730.0,5730.0,5600.0,5620.0,365324.0,2060285070.0,1107043864280.0,196982894,KOSPI,tradable_ohlcv
2019-04-19,5620.0,5640.0,5580.0,5600.0,182059.0,1020589660.0,1103104206400.0,196982894,KOSPI,tradable_ohlcv
2019-04-22,5630.0,5630.0,5580.0,5590.0,132525.0,742010980.0,1101134377460.0,196982894,KOSPI,tradable_ohlcv
2019-04-23,5620.0,5640.0,5590.0,5620.0,195226.0,1096165440.0,1107043864280.0,196982894,KOSPI,tradable_ohlcv
2019-04-24,5640.0,5640.0,5570.0,5600.0,160265.0,896491050.0,1103104206400.0,196982894,KOSPI,tradable_ohlcv
2019-04-25,5620.0,5640.0,5570.0,5590.0,181730.0,1017675170.0,1101134377460.0,196982894,KOSPI,tradable_ohlcv
2019-04-26,5620.0,5620.0,5550.0,5570.0,187459.0,1044430910.0,1097194719580.0,196982894,KOSPI,tradable_ohlcv
2019-04-29,5580.0,5600.0,5550.0,5570.0,177057.0,986537840.0,1097194719580.0,196982894,KOSPI,tradable_ohlcv
2019-04-30,5600.0,5740.0,5570.0,5690.0,514846.0,2909214430.0,1120832666860.0,196982894,KOSPI,tradable_ohlcv
2019-05-02,5720.0,5730.0,5660.0,5710.0,243530.0,1387767780.0,1124772324740.0,196982894,KOSPI,tradable_ohlcv
2019-05-03,5710.0,5710.0,5650.0,5690.0,778817.0,4418266762.0,1120832666860.0,196982894,KOSPI,tradable_ohlcv
2019-05-07,5640.0,5680.0,5620.0,5680.0,308498.0,1744418500.0,1118862837920.0,196982894,KOSPI,tradable_ohlcv
2019-05-08,5650.0,5690.0,5620.0,5660.0,199972.0,1131795780.0,1114923180040.0,196982894,KOSPI,tradable_ohlcv
2019-05-09,5670.0,5680.0,5520.0,5560.0,675550.0,3768799150.0,1095224890640.0,196982894,KOSPI,tradable_ohlcv
2019-05-10,5560.0,5650.0,5540.0,5580.0,382005.0,2134773910.0,1099164548520.0,196982894,KOSPI,tradable_ohlcv
2019-05-13,5580.0,5580.0,5490.0,5520.0,315877.0,1745374550.0,1087345574880.0,196982894,KOSPI,tradable_ohlcv
2019-05-14,5500.0,5510.0,5450.0,5490.0,334460.0,1832368610.0,1081436088060.0,196982894,KOSPI,tradable_ohlcv
2019-05-15,5510.0,5550.0,5470.0,5500.0,255302.0,1406031610.0,1083405917000.0,196982894,KOSPI,tradable_ohlcv
2019-05-16,5500.0,5540.0,5490.0,5500.0,161503.0,889779040.0,1083405917000.0,196982894,KOSPI,tradable_ohlcv
2019-05-17,5510.0,5560.0,5460.0,5530.0,174557.0,961941590.0,1089315403820.0,196982894,KOSPI,tradable_ohlcv
2019-05-20,5530.0,5570.0,5510.0,5540.0,226350.0,1253070610.0,1091285232760.0,196982894,KOSPI,tradable_ohlcv
2019-05-21,5560.0,5570.0,5510.0,5560.0,134706.0,747104460.0,1095224890640.0,196982894,KOSPI,tradable_ohlcv
2019-05-22,5560.0,5570.0,5490.0,5520.0,299742.0,1650881570.0,1087345574880.0,196982894,KOSPI,tradable_ohlcv
2019-05-23,5540.0,5550.0,5470.0,5510.0,138331.0,760704300.0,1085375745940.0,196982894,KOSPI,tradable_ohlcv
2019-05-24,5490.0,5530.0,5470.0,5500.0,280503.0,1544235810.0,1083405917000.0,196982894,KOSPI,tradable_ohlcv
2019-05-27,5490.0,5520.0,5430.0,5450.0,284168.0,1550379580.0,1073556772300.0,196982894,KOSPI,tradable_ohlcv
2019-05-28,5440.0,5500.0,5310.0,5310.0,970057.0,5182409370.0,1045979167140.0,196982894,KOSPI,tradable_ohlcv
2019-05-29,5370.0,5500.0,5340.0,5450.0,687372.0,3719180620.0,1073556772300.0,196982894,KOSPI,tradable_ohlcv
2019-05-30,5450.0,5580.0,5450.0,5540.0,445989.0,2465087600.0,1091285232760.0,196982894,KOSPI,tradable_ohlcv
2019-05-31,5540.0,5600.0,5460.0,5580.0,393016.0,2182721330.0,1099164548520.0,196982894,KOSPI,tradable_ohlcv
2019-06-03,5600.0,5710.0,5570.0,5650.0,460545.0,2599704410.0,1112953351100.0,196982894,KOSPI,tradable_ohlcv
2019-06-04,5700.0,5790.0,5650.0,5780.0,565066.0,3242473270.0,1138561127320.0,196982894,KOSPI,tradable_ohlcv
2019-06-05,5760.0,5790.0,5660.0,5680.0,343268.0,1958560790.0,1118862837920.0,196982894,KOSPI,tradable_ohlcv
2019-06-07,5670.0,5750.0,5670.0,5740.0,278663.0,1596351020.0,1130681811560.0,196982894,KOSPI,tradable_ohlcv
2019-06-10,5750.0,5800.0,5700.0,5790.0,273301.0,1575386880.0,1140530956260.0,196982894,KOSPI,tradable_ohlcv
2019-06-11,5800.0,5820.0,5750.0,5760.0,521224.0,3014360840.0,1134621469440.0,196982894,KOSPI,tradable_ohlcv
2019-06-12,5760.0,5830.0,5730.0,5770.0,395509.0,2287107550.0,1136591298380.0,196982894,KOSPI,tradable_ohlcv
2019-06-13,5770.0,5960.0,5770.0,5950.0,1032611.0,6070891100.0,1172048219300.0,196982894,KOSPI,tradable_ohlcv
2019-06-14,5950.0,5980.0,5890.0,5920.0,271477.0,1611711690.0,1166138732480.0,196982894,KOSPI,tradable_ohlcv
2019-06-17,5900.0,6050.0,5890.0,6010.0,612037.0,3680121210.0,1183867192940.0,196982894,KOSPI,tradable_ohlcv
2019-06-18,5970.0,6100.0,5950.0,6000.0,1213457.0,7341304190.0,1181897364000.0,196982894,KOSPI,tradable_ohlcv
2019-06-19,6010.0,6130.0,6010.0,6030.0,323243.0,1961065080.0,1187806850820.0,196982894,KOSPI,tradable_ohlcv
2019-06-20,6010.0,6030.0,5890.0,5920.0,455659.0,2709556200.0,1166138732480.0,196982894,KOSPI,tradable_ohlcv
2019-06-21,5910.0,5980.0,5860.0,5970.0,346010.0,2050698870.0,1175987877180.0,196982894,KOSPI,tradable_ohlcv
2019-06-24,6000.0,6070.0,5900.0,5990.0,325432.0,1956145070.0,1179927535060.0,196982894,KOSPI,tradable_ohlcv
2019-06-25,5980.0,6020.0,5920.0,5950.0,196988.0,1174110060.0,1172048219300.0,196982894,KOSPI,tradable_ohlcv
2019-06-26,5950.0,6040.0,5910.0,5980.0,322967.0,1941784950.0,1177957706120.0,196982894,KOSPI,tradable_ohlcv
2019-06-27,5950.0,6020.0,5930.0,5960.0,179953.0,1077960820.0,1174018048240.0,196982894,KOSPI,tradable_ohlcv
2019-06-28,5980.0,6000.0,5870.0,5910.0,317719.0,1881711270.0,1164168903540.0,196982894,KOSPI,tradable_ohlcv
2019-07-01,5940.0,6020.0,5940.0,6010.0,307322.0,1843797880.0,1183867192940.0,196982894,KOSPI,tradable_ohlcv
2019-07-02,6000.0,6000.0,5950.0,6000.0,115171.0,688851690.0,1181897364000.0,196982894,KOSPI,tradable_ohlcv
2019-07-03,6020.0,6020.0,5860.0,5880.0,164236.0,968704860.0,1158259416720.0,196982894,KOSPI,tradable_ohlcv
2019-07-04,5880.0,5910.0,5800.0,5880.0,147209.0,859861000.0,1158259416720.0,196982894,KOSPI,tradable_ohlcv
2019-07-05,5890.0,5930.0,5840.0,5910.0,280613.0,1654621600.0,1164168903540.0,196982894,KOSPI,tradable_ohlcv
2019-07-08,5910.0,5930.0,5740.0,5770.0,179704.0,1037630060.0,1136591298380.0,196982894,KOSPI,tradable_ohlcv
2019-07-09,5810.0,5810.0,5710.0,5780.0,198839.0,1146635810.0,1138561127320.0,196982894,KOSPI,tradable_ohlcv
2019-07-10,5820.0,5820.0,5720.0,5720.0,101457.0,581976950.0,1126742153680.0,196982894,KOSPI,tradable_ohlcv
2019-07-11,5750.0,5790.0,5700.0,5740.0,177302.0,1014669700.0,1130681811560.0,196982894,KOSPI,tradable_ohlcv
2019-07-12,5740.0,5840.0,5710.0,5770.0,293375.0,1698247470.0,1136591298380.0,196982894,KOSPI,tradable_ohlcv
2019-07-15,5800.0,5800.0,5710.0,5720.0,121918.0,698473730.0,1126742153680.0,196982894,KOSPI,tradable_ohlcv
2019-07-16,5720.0,5790.0,5700.0,5790.0,206994.0,1192105310.0,1140530956260.0,196982894,KOSPI,tradable_ohlcv
2019-07-17,5770.0,5770.0,5670.0,5700.0,233099.0,1328922530.0,1122802495800.0,196982894,KOSPI,tradable_ohlcv
2019-07-18,5710.0,5750.0,5690.0,5730.0,125029.0,715684370.0,1128711982620.0,196982894,KOSPI,tradable_ohlcv
2019-07-19,5730.0,5780.0,5710.0,5750.0,117707.0,677541740.0,1132651640500.0,196982894,KOSPI,tradable_ohlcv
2019-07-22,5750.0,5750.0,5660.0,5670.0,275778.0,1566825170.0,1116893008980.0,196982894,KOSPI,tradable_ohlcv
2019-07-23,5720.0,5730.0,5650.0,5730.0,145123.0,826086110.0,1128711982620.0,196982894,KOSPI,tradable_ohlcv
2019-07-24,5730.0,5740.0,5640.0,5640.0,173733.0,985711340.0,1110983522160.0,196982894,KOSPI,tradable_ohlcv
2019-07-25,5660.0,5660.0,5540.0,5630.0,295611.0,1654758010.0,1109013693220.0,196982894,KOSPI,tradable_ohlcv
2019-07-26,5580.0,5660.0,5550.0,5610.0,116511.0,651346590.0,1105074035340.0,196982894,KOSPI,tradable_ohlcv
2019-07-29,5610.0,5630.0,5490.0,5530.0,339203.0,1873730550.0,1089315403820.0,196982894,KOSPI,tradable_ohlcv
2019-07-30,5510.0,5560.0,5500.0,5520.0,139070.0,768581570.0,1087345574880.0,196982894,KOSPI,tradable_ohlcv
2019-07-31,5550.0,5580.0,5480.0,5510.0,184222.0,1017165190.0,1085375745940.0,196982894,KOSPI,tradable_ohlcv
2019-08-01,5490.0,5550.0,5470.0,5540.0,197665.0,1087402580.0,1091285232760.0,196982894,KOSPI,tradable_ohlcv
2019-08-02,5540.0,5630.0,5440.0,5590.0,432761.0,2398344620.0,1101134377460.0,196982894,KOSPI,tradable_ohlcv
2019-08-05,5590.0,5640.0,5460.0,5550.0,482494.0,2672904560.0,1093255061700.0,196982894,KOSPI,tradable_ohlcv
2019-08-06,5450.0,5590.0,5380.0,5540.0,501685.0,2760551890.0,1091285232760.0,196982894,KOSPI,tradable_ohlcv
2019-08-07,5560.0,5630.0,5510.0,5540.0,254416.0,1418037590.0,1091285232760.0,196982894,KOSPI,tradable_ohlcv
2019-08-08,5580.0,5580.0,5520.0,5560.0,259544.0,1439239380.0,1095224890640.0,196982894,KOSPI,tradable_ohlcv
2019-08-09,5560.0,5570.0,5490.0,5500.0,240501.0,1325560650.0,1083405917000.0,196982894,KOSPI,tradable_ohlcv
2019-08-12,5510.0,5520.0,5470.0,5490.0,128070.0,703547400.0,1081436088060.0,196982894,KOSPI,tradable_ohlcv
2019-08-13,5490.0,5490.0,5410.0,5430.0,280499.0,1524917360.0,1069617114420.0,196982894,KOSPI,tradable_ohlcv
2019-08-14,5490.0,5530.0,5460.0,5470.0,259561.0,1427074050.0,1077496430180.0,196982894,KOSPI,tradable_ohlcv
2019-08-16,5500.0,5500.0,5370.0,5400.0,624973.0,3417369020.0,1063707627600.0,196982894,KOSPI,tradable_ohlcv
2019-08-19,5420.0,5480.0,5390.0,5460.0,280395.0,1524109210.0,1075526601240.0,196982894,KOSPI,tradable_ohlcv
2019-08-20,5470.0,5500.0,5420.0,5450.0,187679.0,1022509230.0,1073556772300.0,196982894,KOSPI,tradable_ohlcv
2019-08-21,5430.0,5460.0,5420.0,5430.0,129104.0,701512230.0,1069617114420.0,196982894,KOSPI,tradable_ohlcv
2019-08-22,5440.0,5580.0,5420.0,5560.0,361375.0,1999164980.0,1095224890640.0,196982894,KOSPI,tradable_ohlcv
2019-08-23,5550.0,5550.0,5460.0,5460.0,214170.0,1175449230.0,1075526601240.0,196982894,KOSPI,tradable_ohlcv
2019-08-26,5400.0,5410.0,5340.0,5350.0,312867.0,1679347310.0,1053858482900.0,196982894,KOSPI,tradable_ohlcv
2019-08-27,5370.0,5470.0,5320.0,5320.0,312725.0,1688603800.0,1047948996080.0,196982894,KOSPI,tradable_ohlcv
2019-08-28,5300.0,5380.0,5300.0,5350.0,159024.0,851364575.0,1053858482900.0,196982894,KOSPI,tradable_ohlcv
2019-08-29,5350.0,5400.0,5340.0,5400.0,109925.0,590686020.0,1063707627600.0,196982894,KOSPI,tradable_ohlcv
2019-08-30,5430.0,5490.0,5420.0,5490.0,172450.0,943089520.0,1081436088060.0,196982894,KOSPI,tradable_ohlcv
2019-09-02,5490.0,5520.0,5450.0,5480.0,137835.0,756826680.0,1079466259120.0,196982894,KOSPI,tradable_ohlcv
2019-09-03,5460.0,5520.0,5460.0,5500.0,88665.0,487841610.0,1083405917000.0,196982894,KOSPI,tradable_ohlcv
2019-09-04,5470.0,5580.0,5460.0,5540.0,505957.0,2789812030.0,1091285232760.0,196982894,KOSPI,tradable_ohlcv
2019-09-05,5550.0,5590.0,5510.0,5560.0,267733.0,1489378120.0,1095224890640.0,196982894,KOSPI,tradable_ohlcv
2019-09-06,5520.0,5650.0,5520.0,5570.0,186254.0,1044578540.0,1097194719580.0,196982894,KOSPI,tradable_ohlcv
2019-09-09,5570.0,5660.0,5570.0,5590.0,224748.0,1265312330.0,1101134377460.0,196982894,KOSPI,tradable_ohlcv
2019-09-10,5560.0,5670.0,5550.0,5640.0,227125.0,1280474890.0,1110983522160.0,196982894,KOSPI,tradable_ohlcv
2019-09-11,5650.0,5800.0,5640.0,5790.0,350885.0,2015072600.0,1140530956260.0,196982894,KOSPI,tradable_ohlcv
2019-09-16,5800.0,5870.0,5750.0,5820.0,511696.0,2975207410.0,1146440443080.0,196982894,KOSPI,tradable_ohlcv
2019-09-17,5780.0,5870.0,5750.0,5800.0,218161.0,1270036680.0,1142500785200.0,196982894,KOSPI,tradable_ohlcv
2019-09-18,5790.0,5830.0,5740.0,5800.0,219096.0,1268750530.0,1142500785200.0,196982894,KOSPI,tradable_ohlcv
2019-09-19,5780.0,5860.0,5780.0,5780.0,174888.0,1015656490.0,1138561127320.0,196982894,KOSPI,tradable_ohlcv
2019-09-20,5770.0,5870.0,5770.0,5870.0,303373.0,1767964100.0,1156289587780.0,196982894,KOSPI,tradable_ohlcv
2019-09-23,5870.0,5870.0,5790.0,5810.0,196697.0,1144088580.0,1144470614140.0,196982894,KOSPI,tradable_ohlcv
2019-09-24,5840.0,5840.0,5710.0,5750.0,250929.0,1444459340.0,1132651640500.0,196982894,KOSPI,tradable_ohlcv
2019-09-25,5740.0,5810.0,5680.0,5680.0,307592.0,1763646400.0,1118862837920.0,196982894,KOSPI,tradable_ohlcv
2019-09-26,5740.0,5770.0,5700.0,5710.0,224907.0,1291508010.0,1124772324740.0,196982894,KOSPI,tradable_ohlcv
2019-09-27,5700.0,5710.0,5580.0,5590.0,199256.0,1122484180.0,1101134377460.0,196982894,KOSPI,tradable_ohlcv
2019-09-30,5600.0,5670.0,5560.0,5620.0,138350.0,775380050.0,1107043864280.0,196982894,KOSPI,tradable_ohlcv
2019-10-01,5630.0,5640.0,5580.0,5630.0,176627.0,991642190.0,1109013693220.0,196982894,KOSPI,tradable_ohlcv
2019-10-02,5580.0,5600.0,5520.0,5530.0,171466.0,950787770.0,1089315403820.0,196982894,KOSPI,tradable_ohlcv
2019-10-04,5490.0,5510.0,5450.0,5450.0,312705.0,1709889810.0,1073556772300.0,196982894,KOSPI,tradable_ohlcv
2019-10-07,5480.0,5500.0,5440.0,5460.0,153820.0,840719540.0,1075526601240.0,196982894,KOSPI,tradable_ohlcv
2019-10-08,5470.0,5520.0,5430.0,5430.0,198698.0,1083865140.0,1069617114420.0,196982894,KOSPI,tradable_ohlcv
2019-10-10,5400.0,5430.0,5340.0,5360.0,380485.0,2050840140.0,1055828311840.0,196982894,KOSPI,tradable_ohlcv
2019-10-11,5390.0,5440.0,5360.0,5400.0,356690.0,1923613360.0,1063707627600.0,196982894,KOSPI,tradable_ohlcv
2019-10-14,5440.0,5530.0,5430.0,5460.0,301701.0,1652293340.0,1075526601240.0,196982894,KOSPI,tradable_ohlcv
2019-10-15,5460.0,5510.0,5430.0,5450.0,371019.0,2030484270.0,1073556772300.0,196982894,KOSPI,tradable_ohlcv
2019-10-16,5470.0,5590.0,5460.0,5480.0,413053.0,2269395050.0,1079466259120.0,196982894,KOSPI,tradable_ohlcv
2019-10-17,5500.0,5510.0,5440.0,5470.0,252315.0,1381407970.0,1077496430180.0,196982894,KOSPI,tradable_ohlcv
2019-10-18,5480.0,5540.0,5450.0,5520.0,544019.0,2998383860.0,1087345574880.0,196982894,KOSPI,tradable_ohlcv
2019-10-21,5510.0,5530.0,5470.0,5480.0,293930.0,1613160920.0,1079466259120.0,196982894,KOSPI,tradable_ohlcv
2019-10-22,5490.0,5510.0,5480.0,5480.0,275770.0,1514705250.0,1079466259120.0,196982894,KOSPI,tradable_ohlcv
2019-10-23,5480.0,5500.0,5400.0,5430.0,309469.0,1680230920.0,1069617114420.0,196982894,KOSPI,tradable_ohlcv
2019-10-24,5400.0,5450.0,5380.0,5410.0,212109.0,1145575280.0,1065677456540.0,196982894,KOSPI,tradable_ohlcv
2019-10-25,5430.0,5430.0,5360.0,5400.0,157139.0,847076880.0,1063707627600.0,196982894,KOSPI,tradable_ohlcv
2019-10-28,5400.0,5430.0,5360.0,5400.0,190138.0,1025563000.0,1063707627600.0,196982894,KOSPI,tradable_ohlcv
2019-10-29,5410.0,5420.0,5330.0,5380.0,292562.0,1569702820.0,1059767969720.0,196982894,KOSPI,tradable_ohlcv
2019-10-30,5400.0,5400.0,5310.0,5330.0,294508.0,1570863580.0,1049918825020.0,196982894,KOSPI,tradable_ohlcv
2019-10-31,5330.0,5360.0,5270.0,5340.0,498192.0,2646840660.0,1051888653960.0,196982894,KOSPI,tradable_ohlcv
2019-11-01,5340.0,5360.0,5300.0,5330.0,226464.0,1206920710.0,1049918825020.0,196982894,KOSPI,tradable_ohlcv
2019-11-04,5350.0,5410.0,5350.0,5410.0,257618.0,1387572990.0,1065677456540.0,196982894,KOSPI,tradable_ohlcv
2019-11-05,5420.0,5440.0,5390.0,5440.0,146901.0,795689260.0,1071586943360.0,196982894,KOSPI,tradable_ohlcv
2019-11-06,5440.0,5520.0,5410.0,5480.0,363294.0,1986697550.0,1079466259120.0,196982894,KOSPI,tradable_ohlcv
2019-11-07,5470.0,5520.0,5470.0,5500.0,190790.0,1049003330.0,1083405917000.0,196982894,KOSPI,tradable_ohlcv
2019-11-08,5500.0,5570.0,5490.0,5530.0,301824.0,1670240190.0,1089315403820.0,196982894,KOSPI,tradable_ohlcv
2019-11-11,5530.0,5620.0,5520.0,5600.0,255843.0,1425189060.0,1103104206400.0,196982894,KOSPI,tradable_ohlcv
2019-11-12,5600.0,5610.0,5470.0,5530.0,462274.0,2546244650.0,1089315403820.0,196982894,KOSPI,tradable_ohlcv
2019-11-13,5540.0,5540.0,5430.0,5430.0,407630.0,2226769290.0,1069617114420.0,196982894,KOSPI,tradable_ohlcv
2019-11-14,5450.0,5470.0,5370.0,5420.0,342056.0,1846395620.0,1067647285480.0,196982894,KOSPI,tradable_ohlcv
2019-11-15,5390.0,5530.0,5390.0,5470.0,342910.0,1885788370.0,1077496430180.0,196982894,KOSPI,tradable_ohlcv
2019-11-18,5490.0,5510.0,5430.0,5430.0,242917.0,1325728990.0,1069617114420.0,196982894,KOSPI,tradable_ohlcv
2019-11-19,5430.0,5460.0,5410.0,5450.0,292823.0,1592454420.0,1073556772300.0,196982894,KOSPI,tradable_ohlcv
2019-11-20,5420.0,5510.0,5420.0,5450.0,466835.0,2558444990.0,1073556772300.0,196982894,KOSPI,tradable_ohlcv
2019-11-21,5460.0,5480.0,5370.0,5380.0,375441.0,2024483740.0,1059767969720.0,196982894,KOSPI,tradable_ohlcv
2019-11-22,5400.0,5460.0,5360.0,5440.0,403772.0,2190979580.0,1071586943360.0,196982894,KOSPI,tradable_ohlcv
2019-11-25,5440.0,5500.0,5420.0,5440.0,362945.0,1981440770.0,1071586943360.0,196982894,KOSPI,tradable_ohlcv
2019-11-26,5470.0,5490.0,5440.0,5440.0,284774.0,1554459270.0,1071586943360.0,196982894,KOSPI,tradable_ohlcv
2019-11-27,5460.0,5470.0,5390.0,5420.0,298444.0,1614777370.0,1067647285480.0,196982894,KOSPI,tradable_ohlcv
2019-11-28,5430.0,5430.0,5390.0,5420.0,73371.0,396575630.0,1067647285480.0,196982894,KOSPI,tradable_ohlcv
2019-11-29,5420.0,5430.0,5380.0,5400.0,155349.0,837386080.0,1063707627600.0,196982894,KOSPI,tradable_ohlcv
2019-12-02,5390.0,5430.0,5370.0,5390.0,126044.0,679404380.0,1061737798660.0,196982894,KOSPI,tradable_ohlcv
2019-12-03,5380.0,5380.0,5310.0,5360.0,199276.0,1066054310.0,1055828311840.0,196982894,KOSPI,tradable_ohlcv
2019-12-04,5360.0,5360.0,5300.0,5360.0,232561.0,1241253313.0,1055828311840.0,196982894,KOSPI,tradable_ohlcv
2019-12-05,5360.0,5420.0,5330.0,5390.0,221739.0,1191983370.0,1061737798660.0,196982894,KOSPI,tradable_ohlcv
2019-12-06,5390.0,5430.0,5360.0,5430.0,257068.0,1387198090.0,1069617114420.0,196982894,KOSPI,tradable_ohlcv
2019-12-09,5430.0,5470.0,5420.0,5470.0,278088.0,1514492140.0,1077496430180.0,196982894,KOSPI,tradable_ohlcv
2019-12-10,5470.0,5470.0,5420.0,5440.0,177516.0,966472290.0,1071586943360.0,196982894,KOSPI,tradable_ohlcv
2019-12-11,5430.0,5490.0,5430.0,5480.0,236195.0,1290258570.0,1079466259120.0,196982894,KOSPI,tradable_ohlcv
2019-12-12,5480.0,5560.0,5470.0,5540.0,336909.0,1864579580.0,1091285232760.0,196982894,KOSPI,tradable_ohlcv
2019-12-13,5560.0,5660.0,5540.0,5660.0,625608.0,3514407870.0,1114923180040.0,196982894,KOSPI,tradable_ohlcv
2019-12-16,5650.0,5660.0,5550.0,5600.0,369210.0,2067590200.0,1103104206400.0,196982894,KOSPI,tradable_ohlcv
2019-12-17,5580.0,5650.0,5500.0,5650.0,648223.0,3610471120.0,1112953351100.0,196982894,KOSPI,tradable_ohlcv
2019-12-18,5650.0,5670.0,5620.0,5660.0,359139.0,2027216590.0,1114923180040.0,196982894,KOSPI,tradable_ohlcv
2019-12-19,5660.0,5670.0,5570.0,5640.0,414636.0,2324012600.0,1110983522160.0,196982894,KOSPI,tradable_ohlcv
2019-12-20,5640.0,5700.0,5610.0,5700.0,465068.0,2630160420.0,1122802495800.0,196982894,KOSPI,tradable_ohlcv
2019-12-23,5700.0,5710.0,5650.0,5700.0,261917.0,1489640310.0,1122802495800.0,196982894,KOSPI,tradable_ohlcv
2019-12-24,5710.0,5710.0,5630.0,5700.0,374819.0,2127923810.0,1122802495800.0,196982894,KOSPI,tradable_ohlcv
2019-12-26,5670.0,5750.0,5660.0,5730.0,551469.0,3144662710.0,1128711982620.0,196982894,KOSPI,tradable_ohlcv
2019-12-27,5560.0,5590.0,5530.0,5560.0,322812.0,1794314910.0,1095224890640.0,196982894,KOSPI,tradable_ohlcv
2019-12-30,5570.0,5570.0,5490.0,5490.0,192776.0,1062318610.0,1081436088060.0,196982894,KOSPI,tradable_ohlcv
