d,o,h,l,c,v,a,mc,s,m
2022-01-03,9560.0,9610.0,9400.0,9600.0,131712.0,1254902720.0,270883977600.0,28217081,KOSDAQ
2022-01-04,9600.0,9650.0,9430.0,9540.0,145718.0,1388151280.0,269190952740.0,28217081,KOSDAQ
2022-01-05,9600.0,9600.0,9260.0,9280.0,210410.0,1972784010.0,261854511680.0,28217081,KOSDAQ
2022-01-06,9010.0,9230.0,8810.0,8850.0,311370.0,2801335960.0,249721166850.0,28217081,KOSDAQ
2022-01-07,9150.0,9150.0,8930.0,8940.0,125753.0,1134087590.0,252260704140.0,28217081,KOSDAQ
2022-01-10,8950.0,9600.0,8700.0,8880.0,424513.0,3865377120.0,250567679280.0,28217081,KOSDAQ
2022-01-11,8850.0,9020.0,8810.0,8870.0,118237.0,1052684780.0,250285508470.0,28217081,KOSDAQ
2022-01-12,8870.0,9120.0,8870.0,8870.0,73134.0,653018760.0,250285508470.0,28217081,KOSDAQ
2022-01-13,8870.0,8960.0,8740.0,8750.0,101626.0,896574130.0,246899458750.0,28217081,KOSDAQ
2022-01-14,8750.0,8920.0,8650.0,8690.0,100177.0,876915750.0,245206433890.0,28217081,KOSDAQ
2022-01-17,8760.0,8760.0,8300.0,8350.0,135888.0,1157860510.0,235612626350.0,28217081,KOSDAQ
2022-01-18,8250.0,8510.0,8030.0,8120.0,140388.0,1160240730.0,229122697720.0,28217081,KOSDAQ
2022-01-19,7940.0,8220.0,7940.0,8040.0,118991.0,957298620.0,226865331240.0,28217081,KOSDAQ
2022-01-20,7990.0,8350.0,7940.0,8210.0,104145.0,846583280.0,231662235010.0,28217081,KOSDAQ
2022-01-21,8200.0,8450.0,8050.0,8200.0,89794.0,741134930.0,231380064200.0,28217081,KOSDAQ
2022-01-24,8200.0,8280.0,7850.0,7860.0,105768.0,836720070.0,221786256660.0,28217081,KOSDAQ
2022-01-25,7840.0,7960.0,7500.0,7510.0,147576.0,1129885400.0,211910278310.0,28217081,KOSDAQ
2022-01-26,7430.0,7690.0,7400.0,7500.0,110494.0,831285270.0,211628107500.0,28217081,KOSDAQ
2022-01-27,7400.0,7500.0,6990.0,7070.0,195433.0,1407249000.0,199494762670.0,28217081,KOSDAQ
2022-01-28,7070.0,7620.0,7030.0,7600.0,121282.0,894049480.0,214449815600.0,28217081,KOSDAQ
2022-02-03,7700.0,8000.0,7600.0,7720.0,66352.0,512887620.0,217835865320.0,28217081,KOSDAQ
2022-02-04,7720.0,7970.0,7660.0,7840.0,50766.0,395278840.0,221221915040.0,28217081,KOSDAQ
2022-02-07,7940.0,7940.0,7700.0,7760.0,47146.0,365119720.0,218964548560.0,28217081,KOSDAQ
2022-02-08,7950.0,7950.0,7580.0,7630.0,50598.0,391098620.0,215296328030.0,28217081,KOSDAQ
2022-02-09,7840.0,7840.0,7550.0,7710.0,31863.0,244872880.0,217553694510.0,28217081,KOSDAQ
2022-02-10,7730.0,7810.0,7550.0,7580.0,41810.0,318023900.0,213885473980.0,28217081,KOSDAQ
2022-02-11,7500.0,7570.0,7300.0,7360.0,55539.0,412531320.0,207677716160.0,28217081,KOSDAQ
2022-02-14,7010.0,7230.0,6990.0,7080.0,113370.0,799603030.0,199776933480.0,28217081,KOSDAQ
2022-02-15,7050.0,7480.0,6990.0,7100.0,141000.0,1015073830.0,200341275100.0,28217081,KOSDAQ
2022-02-16,7130.0,7410.0,7130.0,7320.0,49618.0,363696230.0,206549032920.0,28217081,KOSDAQ
2022-02-17,7250.0,7680.0,7070.0,7350.0,86500.0,641071890.0,207395545350.0,28217081,KOSDAQ
2022-02-18,7350.0,7400.0,7190.0,7350.0,32978.0,241092670.0,207395545350.0,28217081,KOSDAQ
2022-02-21,7340.0,7430.0,7200.0,7410.0,42748.0,313250360.0,209088570210.0,28217081,KOSDAQ
2022-02-22,7140.0,7460.0,7130.0,7180.0,37136.0,267411690.0,202598641580.0,28217081,KOSDAQ
2022-02-23,7160.0,7320.0,7130.0,7240.0,37697.0,271843890.0,204291666440.0,28217081,KOSDAQ
2022-02-24,7220.0,7870.0,7080.0,7200.0,313972.0,2326718110.0,203162983200.0,28217081,KOSDAQ
2022-02-25,7280.0,7360.0,7190.0,7240.0,75322.0,548152820.0,204291666440.0,28217081,KOSDAQ
2022-02-28,7240.0,7400.0,7200.0,7370.0,52418.0,384059120.0,207959886970.0,28217081,KOSDAQ
2022-03-02,7300.0,7620.0,7300.0,7540.0,80141.0,603897860.0,212756790740.0,28217081,KOSDAQ
2022-03-03,7660.0,7660.0,7490.0,7550.0,67556.0,509811910.0,213038961550.0,28217081,KOSDAQ
2022-03-04,7550.0,7570.0,7400.0,7550.0,43840.0,327195200.0,213038961550.0,28217081,KOSDAQ
2022-03-07,7520.0,7520.0,6960.0,7140.0,100720.0,722974730.0,201469958340.0,28217081,KOSDAQ
2022-03-08,6850.0,7170.0,6850.0,7010.0,78300.0,548322890.0,197801737810.0,28217081,KOSDAQ
2022-03-10,7050.0,7210.0,7050.0,7170.0,31394.0,224001130.0,202316470770.0,28217081,KOSDAQ
2022-03-11,7140.0,7210.0,7100.0,7200.0,29023.0,207151360.0,203162983200.0,28217081,KOSDAQ
2022-03-14,7220.0,7220.0,7010.0,7050.0,36531.0,258572390.0,198930421050.0,28217081,KOSDAQ
2022-03-15,6970.0,7100.0,6970.0,7060.0,27827.0,195461310.0,199212591860.0,28217081,KOSDAQ
2022-03-16,7070.0,7290.0,7020.0,7240.0,108284.0,772063200.0,204291666440.0,28217081,KOSDAQ
2022-03-17,7300.0,7450.0,7250.0,7360.0,87970.0,647469960.0,207677716160.0,28217081,KOSDAQ
2022-03-18,7400.0,7470.0,7340.0,7440.0,51973.0,385536620.0,209935082640.0,28217081,KOSDAQ
2022-03-21,7440.0,7700.0,7430.0,7510.0,126664.0,960944700.0,211910278310.0,28217081,KOSDAQ
2022-03-22,7600.0,7810.0,7590.0,7600.0,112131.0,860157310.0,214449815600.0,28217081,KOSDAQ
2022-03-23,7610.0,7800.0,7610.0,7700.0,86186.0,665415070.0,217271523700.0,28217081,KOSDAQ
2022-03-24,7710.0,7770.0,7610.0,7660.0,56605.0,434014070.0,216142840460.0,28217081,KOSDAQ
2022-03-25,7690.0,8640.0,7660.0,8070.0,1563291.0,12834074390.0,227711843670.0,28217081,KOSDAQ
2022-03-28,8110.0,8120.0,8030.0,8040.0,135666.0,1093746660.0,226865331240.0,28217081,KOSDAQ
2022-03-29,8030.0,8100.0,8000.0,8010.0,82768.0,664387770.0,226018818810.0,28217081,KOSDAQ
2022-03-30,8000.0,8180.0,7990.0,8050.0,105212.0,845807580.0,227147502050.0,28217081,KOSDAQ
2022-03-31,8080.0,8150.0,7990.0,8060.0,65704.0,531212230.0,227429672860.0,28217081,KOSDAQ
2022-04-01,8060.0,8090.0,7920.0,7920.0,109218.0,869976610.0,223479281520.0,28217081,KOSDAQ
2022-04-04,7900.0,7910.0,7690.0,7830.0,97115.0,755803510.0,220939744230.0,28217081,KOSDAQ
2022-04-05,7840.0,7930.0,7780.0,7800.0,55235.0,432986310.0,220093231800.0,28217081,KOSDAQ
2022-04-06,7850.0,7850.0,7660.0,7810.0,71531.0,552185490.0,220375402610.0,28217081,KOSDAQ
2022-04-07,7700.0,7780.0,7660.0,7660.0,79225.0,609844440.0,216142840460.0,28217081,KOSDAQ
2022-04-08,7750.0,7780.0,7660.0,7680.0,40994.0,315161500.0,216707182080.0,28217081,KOSDAQ
2022-04-11,7650.0,7760.0,7560.0,7590.0,61843.0,472577150.0,214167644790.0,28217081,KOSDAQ
2022-04-12,7400.0,7580.0,7310.0,7440.0,76765.0,571234710.0,209935082640.0,28217081,KOSDAQ
2022-04-13,7440.0,7770.0,7400.0,7540.0,57438.0,435822820.0,212756790740.0,28217081,KOSDAQ
2022-04-14,7570.0,7650.0,7520.0,7560.0,15185.0,114698940.0,213321132360.0,28217081,KOSDAQ
2022-04-15,7560.0,7560.0,7470.0,7490.0,32553.0,244474340.0,211345936690.0,28217081,KOSDAQ
2022-04-18,7490.0,7530.0,7350.0,7380.0,52691.0,389518000.0,208242057780.0,28217081,KOSDAQ
2022-04-19,7320.0,7400.0,7300.0,7300.0,75244.0,551688570.0,205984691300.0,28217081,KOSDAQ
2022-04-20,7320.0,7380.0,7250.0,7300.0,42185.0,308558700.0,205984691300.0,28217081,KOSDAQ
2022-04-21,7310.0,7500.0,7260.0,7400.0,55464.0,408783190.0,208806399400.0,28217081,KOSDAQ
2022-04-22,7400.0,7530.0,7390.0,7520.0,52923.0,394648060.0,212192449120.0,28217081,KOSDAQ
2022-04-25,7450.0,7450.0,7300.0,7340.0,54208.0,398403990.0,207113374540.0,28217081,KOSDAQ
2022-04-26,7350.0,7660.0,7350.0,7520.0,98876.0,748844870.0,212192449120.0,28217081,KOSDAQ
2022-04-27,7260.0,7720.0,7260.0,7640.0,137983.0,1047333380.0,215578498840.0,28217081,KOSDAQ
2022-04-28,7640.0,7720.0,7570.0,7640.0,56012.0,426678340.0,215578498840.0,28217081,KOSDAQ
2022-04-29,7640.0,7710.0,7600.0,7660.0,34322.0,263022900.0,216142840460.0,28217081,KOSDAQ
2022-05-02,7600.0,7900.0,7600.0,7830.0,104335.0,811023650.0,220939744230.0,28217081,KOSDAQ
2022-05-03,7900.0,7900.0,7750.0,7800.0,62394.0,486937840.0,220093231800.0,28217081,KOSDAQ
2022-05-04,7900.0,8050.0,7820.0,7950.0,143083.0,1138953210.0,224325793950.0,28217081,KOSDAQ
2022-05-06,7930.0,7970.0,7810.0,7840.0,66148.0,521323350.0,221221915040.0,28217081,KOSDAQ
2022-05-09,7790.0,7900.0,7600.0,7620.0,61320.0,471827550.0,215014157220.0,28217081,KOSDAQ
2022-05-10,7460.0,7790.0,7340.0,7790.0,101026.0,765239610.0,219811060990.0,28217081,KOSDAQ
2022-05-11,7760.0,7850.0,7730.0,7850.0,56091.0,437613310.0,221504085850.0,28217081,KOSDAQ
2022-05-12,7810.0,8090.0,7760.0,7810.0,137800.0,1089181780.0,220375402610.0,28217081,KOSDAQ
2022-05-13,7830.0,8180.0,7830.0,8150.0,219124.0,1771629150.0,229969210150.0,28217081,KOSDAQ
2022-05-16,8190.0,8230.0,8040.0,8090.0,112913.0,918709920.0,228276185290.0,28217081,KOSDAQ
2022-05-17,8030.0,8180.0,8020.0,8150.0,95491.0,774883870.0,229969210150.0,28217081,KOSDAQ
2022-05-18,8240.0,8640.0,8170.0,8470.0,456820.0,3857793460.0,238998676070.0,28217081,KOSDAQ
2022-05-19,8210.0,8710.0,8200.0,8570.0,310641.0,2651022030.0,241820384170.0,28217081,KOSDAQ
2022-05-20,8610.0,8900.0,8560.0,8620.0,300070.0,2615265370.0,243231238220.0,28217081,KOSDAQ
2022-05-23,8730.0,8890.0,8530.0,8640.0,177189.0,1541156410.0,243795579840.0,28217081,KOSDAQ
2022-05-24,8670.0,8670.0,8300.0,8300.0,182692.0,1537366040.0,234201772300.0,28217081,KOSDAQ
2022-05-25,8420.0,8420.0,7780.0,7830.0,361617.0,2893891390.0,220939744230.0,28217081,KOSDAQ
2022-05-26,7990.0,9100.0,7800.0,7850.0,5061066.0,43431018700.0,221504085850.0,28217081,KOSDAQ
2022-05-27,7910.0,8010.0,7420.0,7470.0,571297.0,4348952870.0,210781595070.0,28217081,KOSDAQ
2022-05-30,7510.0,7600.0,7350.0,7470.0,241237.0,1806349530.0,210781595070.0,28217081,KOSDAQ
2022-05-31,7570.0,7700.0,7490.0,7540.0,172945.0,1312945510.0,212756790740.0,28217081,KOSDAQ
2022-06-02,7470.0,7650.0,7470.0,7590.0,93462.0,706791500.0,214167644790.0,28217081,KOSDAQ
2022-06-03,7670.0,7730.0,7610.0,7610.0,125961.0,963917820.0,214731986410.0,28217081,KOSDAQ
2022-06-07,7630.0,7670.0,7370.0,7370.0,80421.0,604225940.0,207959886970.0,28217081,KOSDAQ
2022-06-08,7570.0,7570.0,7270.0,7270.0,85741.0,631046060.0,205138178870.0,28217081,KOSDAQ
2022-06-09,7240.0,7330.0,7170.0,7250.0,66299.0,479051870.0,204573837250.0,28217081,KOSDAQ
2022-06-10,7240.0,7240.0,7150.0,7200.0,48873.0,350949720.0,203162983200.0,28217081,KOSDAQ
2022-06-13,7050.0,7190.0,6650.0,6650.0,158036.0,1082051480.0,187643588650.0,28217081,KOSDAQ
2022-06-14,6470.0,6650.0,6270.0,6400.0,182295.0,1169520540.0,180589318400.0,28217081,KOSDAQ
2022-06-15,6360.0,6460.0,5910.0,5980.0,155491.0,950058580.0,168738144380.0,28217081,KOSDAQ
2022-06-16,5990.0,6110.0,5670.0,5780.0,371462.0,2183019020.0,163094728180.0,28217081,KOSDAQ
2022-06-17,5550.0,5660.0,5290.0,5380.0,438159.0,2387747700.0,151807895780.0,28217081,KOSDAQ
2022-06-20,5440.0,5510.0,4910.0,5050.0,312729.0,1582902150.0,142496259050.0,28217081,KOSDAQ
2022-06-21,5030.0,5350.0,5030.0,5250.0,122339.0,638596700.0,148139675250.0,28217081,KOSDAQ
2022-06-22,5250.0,5370.0,4730.0,4800.0,178642.0,886100470.0,135441988800.0,28217081,KOSDAQ
2022-06-23,4775.0,4925.0,4475.0,4540.0,172544.0,804077245.0,128105547740.0,28217081,KOSDAQ
2022-06-24,4490.0,4840.0,4490.0,4840.0,123618.0,578830410.0,136570672040.0,28217081,KOSDAQ
2022-06-27,4940.0,5120.0,4880.0,5090.0,77625.0,391145015.0,143624942290.0,28217081,KOSDAQ
2022-06-28,5000.0,5160.0,4965.0,5110.0,75315.0,381125315.0,144189283910.0,28217081,KOSDAQ
2022-06-29,4960.0,5060.0,4905.0,5060.0,49146.0,245425570.0,142778429860.0,28217081,KOSDAQ
2022-06-30,4960.0,5130.0,4850.0,4850.0,57865.0,283524245.0,136852842850.0,28217081,KOSDAQ
2022-07-01,4850.0,4930.0,4650.0,4715.0,78230.0,372847640.0,133043536915.0,28217081,KOSDAQ
2022-07-04,4715.0,4845.0,4505.0,4620.0,60421.0,279315335.0,130362914220.0,28217081,KOSDAQ
2022-07-05,4745.0,4845.0,4670.0,4835.0,32566.0,155907640.0,136429586635.0,28217081,KOSDAQ
2022-07-06,4895.0,4955.0,4745.0,4930.0,49206.0,240242275.0,139110209330.0,28217081,KOSDAQ
2022-07-07,4930.0,5010.0,4875.0,4995.0,25072.0,124814775.0,140944319595.0,28217081,KOSDAQ
2022-07-08,5080.0,5090.0,4980.0,4990.0,53470.0,268066880.0,140803234190.0,28217081,KOSDAQ
2022-07-11,4955.0,5040.0,4800.0,4970.0,40116.0,199650950.0,140238892570.0,28217081,KOSDAQ
2022-07-12,4890.0,4935.0,4665.0,4705.0,69494.0,330052575.0,132761366105.0,28217081,KOSDAQ
2022-07-13,4670.0,4750.0,4610.0,4680.0,37796.0,176762980.0,132055939080.0,28217081,KOSDAQ
2022-07-14,4705.0,4765.0,4640.0,4730.0,31778.0,149713760.0,133466793130.0,28217081,KOSDAQ
2022-07-15,4735.0,4840.0,4615.0,4715.0,34320.0,161392870.0,133043536915.0,28217081,KOSDAQ
2022-07-18,4805.0,4895.0,4775.0,4810.0,32194.0,155480445.0,135724159610.0,28217081,KOSDAQ
2022-07-19,4770.0,5240.0,4770.0,5020.0,182982.0,922936435.0,141649746620.0,28217081,KOSDAQ
2022-07-20,5130.0,5150.0,5000.0,5000.0,64055.0,323402840.0,141085405000.0,28217081,KOSDAQ
2022-07-21,5050.0,5990.0,5000.0,5300.0,2736719.0,15452176290.0,149550529300.0,28217081,KOSDAQ
2022-07-22,5380.0,5750.0,5310.0,5350.0,848954.0,4699113380.0,150961383350.0,28217081,KOSDAQ
2022-07-25,5360.0,5510.0,5270.0,5350.0,167006.0,895155450.0,150961383350.0,28217081,KOSDAQ
2022-07-26,5350.0,5950.0,5300.0,5440.0,2664102.0,15178874440.0,153500920640.0,28217081,KOSDAQ
2022-07-27,5380.0,5650.0,5260.0,5450.0,398261.0,2165457820.0,153783091450.0,28217081,KOSDAQ
2022-07-28,5510.0,5520.0,5360.0,5420.0,170100.0,927301040.0,152936579020.0,28217081,KOSDAQ
2022-07-29,5420.0,5470.0,5350.0,5400.0,166448.0,896753720.0,152372237400.0,28217081,KOSDAQ
2022-08-01,5400.0,5420.0,5320.0,5330.0,66321.0,354003800.0,150397041730.0,28217081,KOSDAQ
2022-08-02,5260.0,5360.0,5200.0,5250.0,61303.0,322646740.0,148139675250.0,28217081,KOSDAQ
2022-08-03,5240.0,5320.0,5170.0,5300.0,42460.0,223633180.0,149550529300.0,28217081,KOSDAQ
2022-08-04,5310.0,5600.0,5310.0,5390.0,126571.0,688364330.0,152090066590.0,28217081,KOSDAQ
2022-08-05,5390.0,5520.0,5390.0,5450.0,78298.0,428084380.0,153783091450.0,28217081,KOSDAQ
2022-08-08,5490.0,5490.0,5360.0,5450.0,39302.0,212182220.0,153783091450.0,28217081,KOSDAQ
2022-08-09,5440.0,5440.0,5320.0,5350.0,57578.0,308645190.0,150961383350.0,28217081,KOSDAQ
2022-08-10,5340.0,5340.0,5240.0,5250.0,58389.0,307848270.0,148139675250.0,28217081,KOSDAQ
2022-08-11,5280.0,5450.0,5280.0,5450.0,38546.0,206297560.0,153783091450.0,28217081,KOSDAQ
2022-08-12,5400.0,5490.0,5340.0,5490.0,59094.0,321483760.0,154911774690.0,28217081,KOSDAQ
2022-08-16,5510.0,5520.0,5420.0,5510.0,51032.0,279905630.0,155476116310.0,28217081,KOSDAQ
2022-08-17,5520.0,5600.0,5440.0,5550.0,95557.0,526623910.0,156604799550.0,28217081,KOSDAQ
2022-08-18,5510.0,5910.0,5480.0,5820.0,614479.0,3545567740.0,164223411420.0,28217081,KOSDAQ
2022-08-19,5840.0,5860.0,5510.0,5670.0,197135.0,1118092380.0,159990849270.0,28217081,KOSDAQ
2022-08-22,5500.0,5600.0,5250.0,5500.0,127751.0,691899050.0,155193945500.0,28217081,KOSDAQ
2022-08-23,5320.0,5450.0,5210.0,5220.0,105264.0,558457090.0,147293162820.0,28217081,KOSDAQ
2022-08-24,5300.0,5360.0,5230.0,5320.0,26327.0,139094340.0,150114870920.0,28217081,KOSDAQ
2022-08-25,5270.0,5360.0,5270.0,5360.0,53695.0,286237790.0,151243554160.0,28217081,KOSDAQ
2022-08-26,5330.0,5400.0,5300.0,5300.0,31636.0,168722490.0,149550529300.0,28217081,KOSDAQ
2022-08-29,5120.0,5200.0,5010.0,5040.0,71318.0,360680180.0,142214088240.0,28217081,KOSDAQ
2022-08-30,5010.0,5170.0,5010.0,5140.0,40484.0,205834650.0,145035796340.0,28217081,KOSDAQ
2022-08-31,5140.0,5290.0,5050.0,5280.0,46842.0,243438400.0,148986187680.0,28217081,KOSDAQ
2022-09-01,5250.0,5250.0,5100.0,5110.0,33072.0,170244510.0,144189283910.0,28217081,KOSDAQ
2022-09-02,5110.0,5150.0,5040.0,5090.0,34347.0,174441120.0,143624942290.0,28217081,KOSDAQ
2022-09-05,5090.0,5140.0,4945.0,4955.0,42645.0,213374085.0,139815636355.0,28217081,KOSDAQ
2022-09-06,4955.0,5090.0,4950.0,4990.0,32184.0,160631235.0,140803234190.0,28217081,KOSDAQ
2022-09-07,4990.0,5010.0,4875.0,4880.0,22601.0,111075475.0,137699355280.0,28217081,KOSDAQ
2022-09-08,4880.0,4980.0,4845.0,4880.0,33161.0,162378930.0,137699355280.0,28217081,KOSDAQ
2022-09-13,4905.0,5010.0,4905.0,4970.0,28990.0,143832580.0,140238892570.0,28217081,KOSDAQ
2022-09-14,4755.0,4960.0,4755.0,4880.0,41754.0,202098640.0,137699355280.0,28217081,KOSDAQ
2022-09-15,4985.0,5030.0,4750.0,4760.0,68382.0,331581690.0,134313305560.0,28217081,KOSDAQ
2022-09-16,4720.0,4800.0,4655.0,4680.0,33443.0,157501025.0,132055939080.0,28217081,KOSDAQ
2022-09-19,4700.0,4700.0,4550.0,4550.0,52008.0,239471405.0,128387718550.0,28217081,KOSDAQ
2022-09-20,4550.0,4690.0,4515.0,4550.0,34866.0,159551470.0,128387718550.0,28217081,KOSDAQ
2022-09-21,4600.0,4600.0,4305.0,4570.0,32470.0,145366600.0,128952060170.0,28217081,KOSDAQ
2022-09-22,4355.0,4500.0,4320.0,4500.0,80461.0,354216485.0,126976864500.0,28217081,KOSDAQ
2022-09-23,4460.0,4505.0,4325.0,4365.0,50061.0,218639110.0,123167558565.0,28217081,KOSDAQ
2022-09-26,4230.0,4360.0,3900.0,4150.0,137198.0,564227705.0,117100886150.0,28217081,KOSDAQ
2022-09-27,3990.0,4220.0,3950.0,4220.0,124094.0,502641310.0,119076081820.0,28217081,KOSDAQ
2022-09-28,4105.0,4220.0,3880.0,4000.0,115965.0,459292005.0,112868324000.0,28217081,KOSDAQ
2022-09-29,4010.0,4145.0,3970.0,3970.0,70879.0,287235100.0,112021811570.0,28217081,KOSDAQ
2022-09-30,3890.0,3955.0,3825.0,3870.0,51037.0,198200010.0,109200103470.0,28217081,KOSDAQ
2022-10-04,3875.0,4125.0,3875.0,4095.0,74545.0,299082985.0,115548946695.0,28217081,KOSDAQ
2022-10-05,4105.0,4150.0,3905.0,3980.0,77450.0,308114155.0,112303982380.0,28217081,KOSDAQ
2022-10-06,3980.0,4205.0,3980.0,4100.0,87343.0,358663145.0,115690032100.0,28217081,KOSDAQ
2022-10-07,4100.0,4150.0,4040.0,4040.0,15096.0,61676300.0,113997007240.0,28217081,KOSDAQ
2022-10-11,4040.0,4040.0,3735.0,3735.0,47325.0,180368775.0,105390797535.0,28217081,KOSDAQ
2022-10-12,3735.0,3800.0,3680.0,3725.0,32712.0,121793260.0,105108626725.0,28217081,KOSDAQ
2022-10-13,3700.0,3700.0,3500.0,3500.0,59486.0,212060005.0,98759783500.0,28217081,KOSDAQ
2022-10-14,3585.0,3690.0,3585.0,3660.0,20355.0,74085785.0,103274516460.0,28217081,KOSDAQ
2022-10-17,3500.0,3750.0,3500.0,3720.0,106559.0,393783025.0,104967541320.0,28217081,KOSDAQ
2022-10-18,3800.0,4570.0,3800.0,3940.0,1374642.0,5824836830.0,111175299140.0,28217081,KOSDAQ
2022-10-19,3965.0,4190.0,3950.0,3985.0,189465.0,771560010.0,112445067785.0,28217081,KOSDAQ
2022-10-20,3985.0,4090.0,3690.0,3765.0,156491.0,602398555.0,106237309965.0,28217081,KOSDAQ
2022-10-21,3695.0,3780.0,3610.0,3610.0,69801.0,256717830.0,101863662410.0,28217081,KOSDAQ
2022-10-24,3620.0,3790.0,3610.0,3675.0,115560.0,428507580.0,103697772675.0,28217081,KOSDAQ
2022-10-25,3790.0,3790.0,3610.0,3680.0,44758.0,164924580.0,103838858080.0,28217081,KOSDAQ
2022-10-26,3705.0,3725.0,3535.0,3600.0,82664.0,297159625.0,101581491600.0,28217081,KOSDAQ
2022-10-27,3510.0,3650.0,3510.0,3610.0,58078.0,208766745.0,101863662410.0,28217081,KOSDAQ
2022-10-28,3605.0,3605.0,3350.0,3355.0,212771.0,732811305.0,94668306755.0,28217081,KOSDAQ
2022-10-31,3395.0,3995.0,3340.0,3385.0,964837.0,3501611180.0,95514819185.0,28217081,KOSDAQ
2022-11-01,3385.0,3470.0,3325.0,3400.0,118114.0,404546055.0,95938075400.0,28217081,KOSDAQ
2022-11-02,3385.0,3585.0,3350.0,3455.0,138648.0,481900150.0,97490014855.0,28217081,KOSDAQ
2022-11-03,3340.0,3515.0,3340.0,3475.0,66005.0,227533060.0,98054356475.0,28217081,KOSDAQ
2022-11-04,3480.0,3545.0,3430.0,3455.0,54322.0,188618065.0,97490014855.0,28217081,KOSDAQ
2022-11-07,3435.0,3530.0,3435.0,3510.0,28711.0,100446465.0,99041954310.0,28217081,KOSDAQ
2022-11-08,3575.0,3625.0,3475.0,3560.0,67478.0,240705640.0,100452808360.0,28217081,KOSDAQ
2022-11-09,3605.0,3635.0,3555.0,3575.0,57976.0,208480770.0,100876064575.0,28217081,KOSDAQ
2022-11-10,3550.0,3570.0,3480.0,3515.0,49978.0,174535885.0,99183039715.0,28217081,KOSDAQ
2022-11-11,3620.0,3760.0,3600.0,3660.0,107108.0,391003620.0,103274516460.0,28217081,KOSDAQ
2022-11-14,3690.0,3820.0,3680.0,3730.0,104207.0,393168645.0,105249712130.0,28217081,KOSDAQ
2022-11-15,3700.0,3875.0,3700.0,3870.0,114195.0,435345740.0,109200103470.0,28217081,KOSDAQ
2022-11-16,3870.0,3950.0,3830.0,3915.0,77734.0,302554875.0,110469872115.0,28217081,KOSDAQ
2022-11-17,3830.0,3915.0,3800.0,3850.0,49813.0,191276995.0,108635761850.0,28217081,KOSDAQ
2022-11-18,3650.0,3970.0,3650.0,3830.0,60298.0,231843405.0,108071420230.0,28217081,KOSDAQ
2022-11-21,3800.0,3830.0,3675.0,3730.0,44057.0,164207300.0,105249712130.0,28217081,KOSDAQ
2022-11-22,3700.0,3720.0,3635.0,3665.0,33936.0,124210485.0,103415601865.0,28217081,KOSDAQ
2022-11-23,3665.0,3760.0,3650.0,3705.0,22586.0,83592240.0,104544285105.0,28217081,KOSDAQ
2022-11-24,3705.0,3845.0,3705.0,3810.0,60144.0,228480460.0,107507078610.0,28217081,KOSDAQ
2022-11-25,3810.0,3850.0,3745.0,3800.0,27346.0,103453775.0,107224907800.0,28217081,KOSDAQ
2022-11-28,3820.0,3855.0,3710.0,3820.0,80105.0,305207140.0,107789249420.0,28217081,KOSDAQ
2022-11-29,3765.0,3925.0,3765.0,3900.0,88304.0,342583975.0,110046615900.0,28217081,KOSDAQ
2022-11-30,3965.0,4040.0,3890.0,3915.0,113735.0,448489065.0,110469872115.0,28217081,KOSDAQ
2022-12-01,3970.0,3975.0,3890.0,3915.0,62684.0,245733175.0,110469872115.0,28217081,KOSDAQ
2022-12-02,3915.0,3955.0,3825.0,3915.0,45084.0,175589225.0,110469872115.0,28217081,KOSDAQ
2022-12-05,3975.0,4030.0,3860.0,3880.0,48082.0,187264960.0,109482274280.0,28217081,KOSDAQ
2022-12-06,3915.0,3915.0,3785.0,3820.0,29500.0,112876165.0,107789249420.0,28217081,KOSDAQ
2022-12-07,3780.0,3845.0,3680.0,3845.0,30227.0,113652825.0,108494676445.0,28217081,KOSDAQ
2022-12-08,3845.0,3845.0,3710.0,3725.0,42045.0,157766680.0,105108626725.0,28217081,KOSDAQ
2022-12-09,3700.0,3805.0,3700.0,3770.0,28143.0,106403880.0,106378395370.0,28217081,KOSDAQ
2022-12-12,3715.0,3885.0,3710.0,3830.0,71747.0,271379285.0,108071420230.0,28217081,KOSDAQ
2022-12-13,3810.0,3885.0,3760.0,3785.0,35424.0,134292825.0,106801651585.0,28217081,KOSDAQ
2022-12-14,3845.0,3885.0,3755.0,3865.0,76008.0,292382035.0,109059018065.0,28217081,KOSDAQ
2022-12-15,3830.0,3940.0,3820.0,3830.0,43089.0,167097090.0,108071420230.0,28217081,KOSDAQ
2022-12-16,3660.0,3795.0,3660.0,3740.0,46053.0,171888570.0,105531882940.0,28217081,KOSDAQ
2022-12-19,3700.0,3800.0,3655.0,3775.0,44825.0,168271385.0,106519480775.0,28217081,KOSDAQ
2022-12-20,3720.0,3770.0,3560.0,3570.0,80415.0,291625030.0,100734979170.0,28217081,KOSDAQ
2022-12-21,3575.0,3630.0,3500.0,3540.0,40654.0,144251930.0,99888466740.0,28217081,KOSDAQ
2022-12-22,3535.0,3680.0,3510.0,3545.0,45135.0,161507915.0,100029552145.0,28217081,KOSDAQ
2022-12-23,3455.0,3535.0,3375.0,3385.0,86640.0,295865365.0,95514819185.0,28217081,KOSDAQ
2022-12-26,3390.0,3430.0,3290.0,3390.0,51867.0,173528640.0,95655904590.0,28217081,KOSDAQ
2022-12-27,3345.0,3470.0,3345.0,3470.0,41106.0,141109785.0,97913271070.0,28217081,KOSDAQ
2022-12-28,3460.0,3805.0,3380.0,3440.0,566099.0,2052958165.0,97066758640.0,28217081,KOSDAQ
2022-12-29,3440.0,3445.0,3230.0,3300.0,153471.0,507604510.0,93116367300.0,28217081,KOSDAQ
