d,o,h,l,c,v,a,mc,s,m,rs
2017-01-02,17200.0,17200.0,17000.0,17100.0,8670.0,148262800.0,283706339400.0,16591014,KOSDAQ,tradable_ohlcv
2017-01-03,17000.0,17300.0,16950.0,17300.0,22269.0,381563650.0,287024542200.0,16591014,KOSDAQ,tradable_ohlcv
2017-01-04,17400.0,18150.0,17250.0,18050.0,75700.0,1343519400.0,299467802700.0,16591014,KOSDAQ,tradable_ohlcv
2017-01-05,18050.0,18350.0,17900.0,18150.0,49131.0,891597450.0,301126904100.0,16591014,KOSDAQ,tradable_ohlcv
2017-01-06,18050.0,18700.0,17950.0,18450.0,95621.0,1764961150.0,306104208300.0,16591014,KOSDAQ,tradable_ohlcv
2017-01-09,18350.0,18450.0,18150.0,18450.0,35082.0,641307050.0,306104208300.0,16591014,KOSDAQ,tradable_ohlcv
2017-01-10,18350.0,18350.0,17850.0,17950.0,43870.0,789576100.0,297808701300.0,16591014,KOSDAQ,tradable_ohlcv
2017-01-11,17850.0,18050.0,17800.0,17950.0,18849.0,337328350.0,297808701300.0,16591014,KOSDAQ,tradable_ohlcv
2017-01-12,18200.0,18200.0,17600.0,18000.0,39504.0,699265000.0,298638252000.0,16591014,KOSDAQ,tradable_ohlcv
2017-01-13,17900.0,18000.0,17650.0,18000.0,19213.0,342522150.0,298638252000.0,16591014,KOSDAQ,tradable_ohlcv
2017-01-16,18000.0,18000.0,17500.0,17600.0,26877.0,474177150.0,292001846400.0,16591014,KOSDAQ,tradable_ohlcv
2017-01-17,17600.0,17800.0,17200.0,17500.0,27997.0,487073300.0,290342745000.0,16591014,KOSDAQ,tradable_ohlcv
2017-01-18,17800.0,17800.0,17250.0,17550.0,24136.0,420186750.0,291172295700.0,16591014,KOSDAQ,tradable_ohlcv
2017-01-19,17650.0,17650.0,17200.0,17400.0,24279.0,420921600.0,288683643600.0,16591014,KOSDAQ,tradable_ohlcv
2017-01-20,17100.0,17400.0,16900.0,17400.0,30753.0,524278000.0,288683643600.0,16591014,KOSDAQ,tradable_ohlcv
2017-01-23,17400.0,17600.0,17200.0,17600.0,33024.0,575847550.0,292001846400.0,16591014,KOSDAQ,tradable_ohlcv
2017-01-24,17350.0,17600.0,17250.0,17500.0,39088.0,682832350.0,290342745000.0,16591014,KOSDAQ,tradable_ohlcv
2017-01-25,17500.0,18200.0,17500.0,18000.0,113806.0,2046625950.0,298638252000.0,16591014,KOSDAQ,tradable_ohlcv
2017-01-26,18050.0,18400.0,17850.0,18250.0,89002.0,1604195800.0,302786005500.0,16591014,KOSDAQ,tradable_ohlcv
2017-01-31,18400.0,18400.0,18050.0,18250.0,62550.0,1136564450.0,302786005500.0,16591014,KOSDAQ,tradable_ohlcv
2017-02-01,18200.0,18300.0,17950.0,18200.0,89353.0,1611667800.0,301956454800.0,16591014,KOSDAQ,tradable_ohlcv
2017-02-02,18300.0,18500.0,18000.0,18350.0,95208.0,1727913400.0,304445106900.0,16591014,KOSDAQ,tradable_ohlcv
2017-02-03,18350.0,19050.0,18250.0,18950.0,145220.0,2730303350.0,314399715300.0,16591014,KOSDAQ,tradable_ohlcv
2017-02-06,18950.0,19050.0,18500.0,18700.0,99699.0,1869678950.0,310251961800.0,16591014,KOSDAQ,tradable_ohlcv
2017-02-07,18950.0,19050.0,18450.0,18700.0,49145.0,920312900.0,310251961800.0,16591014,KOSDAQ,tradable_ohlcv
2017-02-08,18850.0,18850.0,18500.0,18500.0,39728.0,742692200.0,306933759000.0,16591014,KOSDAQ,tradable_ohlcv
2017-02-09,18650.0,18850.0,18450.0,18750.0,52486.0,976383950.0,311081512500.0,16591014,KOSDAQ,tradable_ohlcv
2017-02-10,18550.0,18900.0,18550.0,18850.0,41169.0,770292050.0,312740613900.0,16591014,KOSDAQ,tradable_ohlcv
2017-02-13,19000.0,19350.0,18800.0,18950.0,74649.0,1420660300.0,314399715300.0,16591014,KOSDAQ,tradable_ohlcv
2017-02-14,19200.0,19450.0,19050.0,19400.0,65063.0,1252291050.0,321865671600.0,16591014,KOSDAQ,tradable_ohlcv
2017-02-15,19400.0,19850.0,19300.0,19800.0,55582.0,1093878150.0,328502077200.0,16591014,KOSDAQ,tradable_ohlcv
2017-02-16,19900.0,19900.0,19400.0,19500.0,47153.0,926596100.0,323524773000.0,16591014,KOSDAQ,tradable_ohlcv
2017-02-17,19300.0,19700.0,18450.0,18900.0,133315.0,2499336150.0,313570164600.0,16591014,KOSDAQ,tradable_ohlcv
2017-02-20,18900.0,19400.0,18650.0,19300.0,50899.0,977079400.0,320206570200.0,16591014,KOSDAQ,tradable_ohlcv
2017-02-21,19300.0,19300.0,19000.0,19300.0,18570.0,356993400.0,320206570200.0,16591014,KOSDAQ,tradable_ohlcv
2017-02-22,19300.0,19300.0,18900.0,19000.0,23782.0,452387500.0,315229266000.0,16591014,KOSDAQ,tradable_ohlcv
2017-02-23,19000.0,19100.0,18700.0,18950.0,27978.0,527878500.0,314399715300.0,16591014,KOSDAQ,tradable_ohlcv
2017-02-24,19050.0,19050.0,18600.0,18850.0,31544.0,591915200.0,312740613900.0,16591014,KOSDAQ,tradable_ohlcv
2017-02-27,18800.0,18850.0,18600.0,18700.0,13784.0,258385200.0,310251961800.0,16591014,KOSDAQ,tradable_ohlcv
2017-02-28,18550.0,18950.0,18550.0,18700.0,15435.0,288303550.0,310251961800.0,16591014,KOSDAQ,tradable_ohlcv
2017-03-02,18750.0,19000.0,18250.0,18800.0,40757.0,757103600.0,311911063200.0,16591014,KOSDAQ,tradable_ohlcv
2017-03-03,18500.0,18800.0,18300.0,18800.0,34739.0,644993550.0,311911063200.0,16591014,KOSDAQ,tradable_ohlcv
2017-03-06,18950.0,18950.0,18400.0,18550.0,19244.0,358189550.0,307763309700.0,16591014,KOSDAQ,tradable_ohlcv
2017-03-07,18500.0,18800.0,18300.0,18600.0,28597.0,527791500.0,308592860400.0,16591014,KOSDAQ,tradable_ohlcv
2017-03-08,18450.0,18950.0,18450.0,18850.0,41395.0,778007300.0,312740613900.0,16591014,KOSDAQ,tradable_ohlcv
2017-03-09,18700.0,18950.0,18500.0,18700.0,34354.0,641868800.0,310251961800.0,16591014,KOSDAQ,tradable_ohlcv
2017-03-10,18600.0,19000.0,18550.0,19000.0,18337.0,345906250.0,315229266000.0,16591014,KOSDAQ,tradable_ohlcv
2017-03-13,19000.0,19800.0,18800.0,19700.0,84807.0,1634393900.0,326842975800.0,16591014,KOSDAQ,tradable_ohlcv
2017-03-14,19650.0,19750.0,19300.0,19500.0,24870.0,483442150.0,323524773000.0,16591014,KOSDAQ,tradable_ohlcv
2017-03-15,19300.0,19500.0,19000.0,19300.0,26108.0,502169950.0,320206570200.0,16591014,KOSDAQ,tradable_ohlcv
2017-03-16,19350.0,19350.0,18750.0,19050.0,32978.0,623886850.0,316058816700.0,16591014,KOSDAQ,tradable_ohlcv
2017-03-17,19050.0,19050.0,18750.0,18950.0,11339.0,213964100.0,314399715300.0,16591014,KOSDAQ,tradable_ohlcv
2017-03-20,18750.0,18900.0,18400.0,18600.0,20153.0,373997750.0,308592860400.0,16591014,KOSDAQ,tradable_ohlcv
2017-03-21,18550.0,18650.0,18400.0,18650.0,14439.0,267705850.0,309422411100.0,16591014,KOSDAQ,tradable_ohlcv
2017-03-22,18700.0,18750.0,18200.0,18750.0,19288.0,355695150.0,311081512500.0,16591014,KOSDAQ,tradable_ohlcv
2017-03-23,18750.0,18750.0,18200.0,18750.0,27872.0,513235050.0,311081512500.0,16591014,KOSDAQ,tradable_ohlcv
2017-03-24,18600.0,18650.0,18250.0,18550.0,16834.0,309550900.0,307763309700.0,16591014,KOSDAQ,tradable_ohlcv
2017-03-27,18550.0,18600.0,18300.0,18600.0,6156.0,113909100.0,308592860400.0,16591014,KOSDAQ,tradable_ohlcv
2017-03-28,18400.0,18600.0,18150.0,18400.0,23602.0,432446250.0,305274657600.0,16591014,KOSDAQ,tradable_ohlcv
2017-03-29,18450.0,18450.0,18000.0,18000.0,34648.0,627278550.0,298638252000.0,16591014,KOSDAQ,tradable_ohlcv
2017-03-30,18200.0,18200.0,18000.0,18200.0,9640.0,174465400.0,301956454800.0,16591014,KOSDAQ,tradable_ohlcv
2017-03-31,18200.0,18500.0,18050.0,18500.0,10983.0,200089850.0,306933759000.0,16591014,KOSDAQ,tradable_ohlcv
2017-04-03,18500.0,18600.0,18500.0,18550.0,5816.0,107799800.0,307763309700.0,16591014,KOSDAQ,tradable_ohlcv
2017-04-04,18400.0,18550.0,18250.0,18500.0,15175.0,279450550.0,306933759000.0,16591014,KOSDAQ,tradable_ohlcv
2017-04-05,18300.0,18500.0,18300.0,18450.0,7509.0,137693100.0,306104208300.0,16591014,KOSDAQ,tradable_ohlcv
2017-04-06,18450.0,18600.0,18250.0,18550.0,11524.0,212409800.0,307763309700.0,16591014,KOSDAQ,tradable_ohlcv
2017-04-07,18550.0,18550.0,18200.0,18550.0,12590.0,231577100.0,307763309700.0,16591014,KOSDAQ,tradable_ohlcv
2017-04-10,18600.0,18800.0,18200.0,18450.0,22317.0,412466050.0,306104208300.0,16591014,KOSDAQ,tradable_ohlcv
2017-04-11,18450.0,18450.0,18000.0,18400.0,23699.0,431971750.0,305274657600.0,16591014,KOSDAQ,tradable_ohlcv
2017-04-12,18400.0,18800.0,18200.0,18800.0,22950.0,424955600.0,311911063200.0,16591014,KOSDAQ,tradable_ohlcv
2017-04-13,18800.0,19300.0,18650.0,19100.0,30220.0,576584450.0,316888367400.0,16591014,KOSDAQ,tradable_ohlcv
2017-04-14,19100.0,19300.0,18550.0,18550.0,30745.0,581699300.0,307763309700.0,16591014,KOSDAQ,tradable_ohlcv
2017-04-17,18850.0,19200.0,18600.0,19100.0,33802.0,643445000.0,316888367400.0,16591014,KOSDAQ,tradable_ohlcv
2017-04-18,19300.0,19600.0,19050.0,19450.0,87558.0,1696529300.0,322695222300.0,16591014,KOSDAQ,tradable_ohlcv
2017-04-19,19300.0,19400.0,18850.0,19150.0,25981.0,496654800.0,317717918100.0,16591014,KOSDAQ,tradable_ohlcv
2017-04-20,19150.0,19350.0,18800.0,19150.0,26427.0,505322500.0,317717918100.0,16591014,KOSDAQ,tradable_ohlcv
2017-04-21,19250.0,20000.0,18950.0,19500.0,92610.0,1801316150.0,323524773000.0,16591014,KOSDAQ,tradable_ohlcv
2017-04-24,19500.0,19900.0,19400.0,19800.0,50521.0,996516150.0,328502077200.0,16591014,KOSDAQ,tradable_ohlcv
2017-04-25,19700.0,20000.0,19350.0,19600.0,31555.0,619224050.0,325183874400.0,16591014,KOSDAQ,tradable_ohlcv
2017-04-26,19600.0,20350.0,19350.0,19950.0,63623.0,1266938650.0,330990729300.0,16591014,KOSDAQ,tradable_ohlcv
2017-04-27,19900.0,20200.0,19550.0,19750.0,41862.0,827550000.0,327672526500.0,16591014,KOSDAQ,tradable_ohlcv
2017-04-28,19800.0,20000.0,19400.0,19600.0,12904.0,252652100.0,325183874400.0,16591014,KOSDAQ,tradable_ohlcv
2017-05-02,19450.0,19900.0,19300.0,19450.0,23998.0,468556900.0,322695222300.0,16591014,KOSDAQ,tradable_ohlcv
2017-05-04,19400.0,19700.0,19200.0,19350.0,17960.0,347956900.0,321036120900.0,16591014,KOSDAQ,tradable_ohlcv
2017-05-08,19350.0,19650.0,19350.0,19500.0,18427.0,359339100.0,323524773000.0,16591014,KOSDAQ,tradable_ohlcv
2017-05-10,19400.0,19550.0,19200.0,19500.0,25929.0,500801300.0,323524773000.0,16591014,KOSDAQ,tradable_ohlcv
2017-05-11,19500.0,19500.0,18750.0,18950.0,46271.0,878661150.0,314399715300.0,16591014,KOSDAQ,tradable_ohlcv
2017-05-12,18950.0,19100.0,18650.0,19100.0,19112.0,358652350.0,316888367400.0,16591014,KOSDAQ,tradable_ohlcv
2017-05-15,19050.0,19050.0,18700.0,18950.0,13834.0,259989050.0,314399715300.0,16591014,KOSDAQ,tradable_ohlcv
2017-05-16,19050.0,19050.0,18600.0,18750.0,8337.0,156008950.0,311081512500.0,16591014,KOSDAQ,tradable_ohlcv
2017-05-17,18750.0,19250.0,18750.0,19200.0,25205.0,480620350.0,318547468800.0,16591014,KOSDAQ,tradable_ohlcv
2017-05-18,19000.0,19100.0,18850.0,19000.0,9978.0,189390200.0,315229266000.0,16591014,KOSDAQ,tradable_ohlcv
2017-05-19,19150.0,19150.0,18750.0,19000.0,13744.0,259761000.0,315229266000.0,16591014,KOSDAQ,tradable_ohlcv
2017-05-22,19100.0,19100.0,18300.0,18700.0,32429.0,602018800.0,310251961800.0,16591014,KOSDAQ,tradable_ohlcv
2017-05-23,18700.0,18700.0,18400.0,18400.0,33281.0,614042300.0,305274657600.0,16591014,KOSDAQ,tradable_ohlcv
2017-05-24,18500.0,18550.0,18200.0,18450.0,29984.0,550384350.0,306104208300.0,16591014,KOSDAQ,tradable_ohlcv
2017-05-25,18500.0,18500.0,18150.0,18300.0,16782.0,307249300.0,303615556200.0,16591014,KOSDAQ,tradable_ohlcv
2017-05-26,18500.0,18700.0,18250.0,18600.0,18671.0,344321350.0,308592860400.0,16591014,KOSDAQ,tradable_ohlcv
2017-05-29,18650.0,18650.0,18350.0,18500.0,8774.0,161553350.0,306933759000.0,16591014,KOSDAQ,tradable_ohlcv
2017-05-30,18400.0,18600.0,18300.0,18450.0,23428.0,431993350.0,306104208300.0,16591014,KOSDAQ,tradable_ohlcv
2017-05-31,18650.0,18650.0,18300.0,18500.0,6390.0,117651300.0,306933759000.0,16591014,KOSDAQ,tradable_ohlcv
2017-06-01,18600.0,18600.0,18200.0,18350.0,16232.0,297280200.0,304445106900.0,16591014,KOSDAQ,tradable_ohlcv
2017-06-02,18400.0,18550.0,18250.0,18350.0,12243.0,224593500.0,304445106900.0,16591014,KOSDAQ,tradable_ohlcv
2017-06-05,18300.0,18450.0,18000.0,18400.0,13673.0,248458700.0,305274657600.0,16591014,KOSDAQ,tradable_ohlcv
2017-06-07,18450.0,18450.0,18000.0,18300.0,18534.0,336911300.0,303615556200.0,16591014,KOSDAQ,tradable_ohlcv
2017-06-08,18200.0,18300.0,17950.0,18000.0,36750.0,663183650.0,298638252000.0,16591014,KOSDAQ,tradable_ohlcv
2017-06-09,18150.0,18400.0,17950.0,18350.0,27956.0,507465100.0,304445106900.0,16591014,KOSDAQ,tradable_ohlcv
2017-06-12,18250.0,18500.0,18250.0,18350.0,12630.0,231543700.0,304445106900.0,16591014,KOSDAQ,tradable_ohlcv
2017-06-13,18350.0,18400.0,18000.0,18350.0,27801.0,503329900.0,304445106900.0,16591014,KOSDAQ,tradable_ohlcv
2017-06-14,18350.0,18350.0,18000.0,18050.0,35850.0,646719950.0,299467802700.0,16591014,KOSDAQ,tradable_ohlcv
2017-06-15,18100.0,18200.0,17850.0,18150.0,17091.0,306446150.0,301126904100.0,16591014,KOSDAQ,tradable_ohlcv
2017-06-16,18200.0,18200.0,17800.0,17850.0,19561.0,349827850.0,296149599900.0,16591014,KOSDAQ,tradable_ohlcv
2017-06-19,17850.0,18100.0,17600.0,17750.0,25928.0,461206250.0,294490498500.0,16591014,KOSDAQ,tradable_ohlcv
2017-06-20,17800.0,17800.0,17500.0,17800.0,21686.0,382418700.0,295320049200.0,16591014,KOSDAQ,tradable_ohlcv
2017-06-21,17800.0,17900.0,17500.0,17800.0,13982.0,246372250.0,295320049200.0,16591014,KOSDAQ,tradable_ohlcv
2017-06-22,17750.0,18000.0,17600.0,17800.0,8787.0,156347050.0,295320049200.0,16591014,KOSDAQ,tradable_ohlcv
2017-06-23,17650.0,18150.0,17650.0,18100.0,10922.0,196411400.0,300297353400.0,16591014,KOSDAQ,tradable_ohlcv
2017-06-26,18200.0,18250.0,18000.0,18200.0,16318.0,295750450.0,301956454800.0,16591014,KOSDAQ,tradable_ohlcv
2017-06-27,18250.0,19850.0,18200.0,19350.0,251628.0,4850808900.0,321036120900.0,16591014,KOSDAQ,tradable_ohlcv
2017-06-28,19450.0,19750.0,19100.0,19150.0,73510.0,1423244400.0,317717918100.0,16591014,KOSDAQ,tradable_ohlcv
2017-06-29,19350.0,19400.0,18800.0,19400.0,51848.0,989775900.0,321865671600.0,16591014,KOSDAQ,tradable_ohlcv
2017-06-30,19050.0,19950.0,18950.0,19900.0,100125.0,1957599550.0,330161178600.0,16591014,KOSDAQ,tradable_ohlcv
2017-07-03,19900.0,19900.0,19150.0,19350.0,62194.0,1214339900.0,321036120900.0,16591014,KOSDAQ,tradable_ohlcv
2017-07-04,19350.0,19500.0,18850.0,19250.0,50129.0,956109250.0,319377019500.0,16591014,KOSDAQ,tradable_ohlcv
2017-07-05,19200.0,19400.0,18950.0,19200.0,20682.0,397044200.0,318547468800.0,16591014,KOSDAQ,tradable_ohlcv
2017-07-06,19000.0,19500.0,19000.0,19350.0,20221.0,391645700.0,321036120900.0,16591014,KOSDAQ,tradable_ohlcv
2017-07-07,19350.0,19650.0,19100.0,19200.0,25079.0,484986600.0,318547468800.0,16591014,KOSDAQ,tradable_ohlcv
2017-07-10,19100.0,19200.0,18800.0,18850.0,13709.0,259619300.0,312740613900.0,16591014,KOSDAQ,tradable_ohlcv
2017-07-11,18850.0,19350.0,18850.0,19300.0,25424.0,487293850.0,320206570200.0,16591014,KOSDAQ,tradable_ohlcv
2017-07-12,19300.0,19350.0,18950.0,19200.0,14042.0,269128350.0,318547468800.0,16591014,KOSDAQ,tradable_ohlcv
2017-07-13,19100.0,19300.0,18450.0,18800.0,47927.0,901745650.0,311911063200.0,16591014,KOSDAQ,tradable_ohlcv
2017-07-14,18600.0,19150.0,18600.0,19100.0,8193.0,154586450.0,316888367400.0,16591014,KOSDAQ,tradable_ohlcv
2017-07-17,18950.0,19200.0,18650.0,18950.0,17692.0,334151700.0,314399715300.0,16591014,KOSDAQ,tradable_ohlcv
2017-07-18,19100.0,19150.0,18650.0,19000.0,9302.0,175798200.0,315229266000.0,16591014,KOSDAQ,tradable_ohlcv
2017-07-19,19000.0,19000.0,18650.0,18850.0,13176.0,248428300.0,312740613900.0,16591014,KOSDAQ,tradable_ohlcv
2017-07-20,18850.0,19350.0,18750.0,19200.0,13336.0,255012650.0,318547468800.0,16591014,KOSDAQ,tradable_ohlcv
2017-07-21,19450.0,19450.0,19150.0,19300.0,17077.0,329649900.0,320206570200.0,16591014,KOSDAQ,tradable_ohlcv
2017-07-24,19450.0,19500.0,19150.0,19300.0,28207.0,544111000.0,320206570200.0,16591014,KOSDAQ,tradable_ohlcv
2017-07-25,19250.0,19350.0,18900.0,19250.0,12260.0,234671850.0,319377019500.0,16591014,KOSDAQ,tradable_ohlcv
2017-07-26,19300.0,19300.0,18750.0,18900.0,15207.0,287408000.0,313570164600.0,16591014,KOSDAQ,tradable_ohlcv
2017-07-27,19100.0,19100.0,18300.0,18900.0,21117.0,393761950.0,313570164600.0,16591014,KOSDAQ,tradable_ohlcv
2017-07-28,18900.0,18900.0,18400.0,18750.0,14444.0,268796400.0,311081512500.0,16591014,KOSDAQ,tradable_ohlcv
2017-07-31,18500.0,18800.0,18200.0,18200.0,8939.0,164320800.0,301956454800.0,16591014,KOSDAQ,tradable_ohlcv
2017-08-01,18450.0,18700.0,18200.0,18650.0,6668.0,123214100.0,309422411100.0,16591014,KOSDAQ,tradable_ohlcv
2017-08-02,18700.0,18700.0,17950.0,18500.0,44065.0,802047300.0,306933759000.0,16591014,KOSDAQ,tradable_ohlcv
2017-08-03,18200.0,18450.0,18000.0,18000.0,11606.0,209788150.0,298638252000.0,16591014,KOSDAQ,tradable_ohlcv
2017-08-04,18200.0,18200.0,17750.0,18000.0,19998.0,357246750.0,298638252000.0,16591014,KOSDAQ,tradable_ohlcv
2017-08-07,18000.0,18200.0,17550.0,18200.0,45296.0,805470650.0,301956454800.0,16591014,KOSDAQ,tradable_ohlcv
2017-08-08,18150.0,18200.0,17850.0,18200.0,10120.0,182020450.0,301956454800.0,16591014,KOSDAQ,tradable_ohlcv
2017-08-09,17850.0,18150.0,17700.0,18000.0,10961.0,195702800.0,298638252000.0,16591014,KOSDAQ,tradable_ohlcv
2017-08-10,17900.0,18100.0,17600.0,17950.0,12926.0,229907200.0,297808701300.0,16591014,KOSDAQ,tradable_ohlcv
2017-08-11,17500.0,17950.0,17500.0,17900.0,8527.0,150753150.0,296979150600.0,16591014,KOSDAQ,tradable_ohlcv
2017-08-14,17800.0,18000.0,17550.0,17750.0,5903.0,104315300.0,294490498500.0,16591014,KOSDAQ,tradable_ohlcv
2017-08-16,17600.0,17800.0,17500.0,17700.0,28711.0,506269800.0,293660947800.0,16591014,KOSDAQ,tradable_ohlcv
2017-08-17,17950.0,17950.0,17450.0,17850.0,14746.0,259553150.0,296149599900.0,16591014,KOSDAQ,tradable_ohlcv
2017-08-18,17850.0,17950.0,17450.0,17900.0,12654.0,222743800.0,296979150600.0,16591014,KOSDAQ,tradable_ohlcv
2017-08-21,17900.0,17900.0,17600.0,17700.0,7594.0,133997600.0,293660947800.0,16591014,KOSDAQ,tradable_ohlcv
2017-08-22,17800.0,18100.0,17700.0,18000.0,12317.0,220414850.0,298638252000.0,16591014,KOSDAQ,tradable_ohlcv
2017-08-23,18000.0,18000.0,17700.0,17900.0,4078.0,72522550.0,296979150600.0,16591014,KOSDAQ,tradable_ohlcv
2017-08-24,17700.0,17900.0,17500.0,17650.0,8290.0,146408900.0,292831397100.0,16591014,KOSDAQ,tradable_ohlcv
2017-08-25,17700.0,17950.0,17650.0,17950.0,4987.0,88919400.0,297808701300.0,16591014,KOSDAQ,tradable_ohlcv
2017-08-28,17950.0,18100.0,17800.0,18050.0,8179.0,146487350.0,299467802700.0,16591014,KOSDAQ,tradable_ohlcv
2017-08-29,17800.0,18150.0,17650.0,18100.0,8331.0,148029850.0,300297353400.0,16591014,KOSDAQ,tradable_ohlcv
2017-08-30,17800.0,18200.0,17800.0,18100.0,5192.0,93211950.0,300297353400.0,16591014,KOSDAQ,tradable_ohlcv
2017-08-31,18150.0,18150.0,17800.0,18000.0,6697.0,120267350.0,298638252000.0,16591014,KOSDAQ,tradable_ohlcv
2017-09-01,18000.0,18250.0,17800.0,18200.0,26352.0,475431050.0,301956454800.0,16591014,KOSDAQ,tradable_ohlcv
2017-09-04,17750.0,18000.0,17200.0,17800.0,13507.0,238986600.0,295320049200.0,16591014,KOSDAQ,tradable_ohlcv
2017-09-05,17800.0,17950.0,17450.0,17750.0,10331.0,181846250.0,294490498500.0,16591014,KOSDAQ,tradable_ohlcv
2017-09-06,17550.0,17950.0,17500.0,17800.0,7984.0,140956150.0,295320049200.0,16591014,KOSDAQ,tradable_ohlcv
2017-09-07,17700.0,17950.0,17450.0,17850.0,31358.0,553467750.0,296149599900.0,16591014,KOSDAQ,tradable_ohlcv
2017-09-08,17850.0,18000.0,17350.0,17750.0,18263.0,320748800.0,294490498500.0,16591014,KOSDAQ,tradable_ohlcv
2017-09-11,17750.0,17850.0,17550.0,17600.0,12856.0,227149950.0,292001846400.0,16591014,KOSDAQ,tradable_ohlcv
2017-09-12,17600.0,18300.0,17600.0,17950.0,33872.0,610109150.0,297808701300.0,16591014,KOSDAQ,tradable_ohlcv
2017-09-13,17850.0,18050.0,17800.0,18050.0,15376.0,275114650.0,299467802700.0,16591014,KOSDAQ,tradable_ohlcv
2017-09-14,18150.0,18150.0,17750.0,18000.0,13183.0,235789250.0,298638252000.0,16591014,KOSDAQ,tradable_ohlcv
2017-09-15,17900.0,18150.0,17900.0,18100.0,9519.0,171329000.0,300297353400.0,16591014,KOSDAQ,tradable_ohlcv
2017-09-18,18050.0,18150.0,17700.0,18000.0,15199.0,270806150.0,298638252000.0,16591014,KOSDAQ,tradable_ohlcv
2017-09-19,17950.0,18050.0,17700.0,17850.0,12529.0,222987400.0,296149599900.0,16591014,KOSDAQ,tradable_ohlcv
2017-09-20,17850.0,17900.0,17600.0,17650.0,15239.0,269477250.0,292831397100.0,16591014,KOSDAQ,tradable_ohlcv
2017-09-21,17550.0,17850.0,17450.0,17650.0,19681.0,345249750.0,292831397100.0,16591014,KOSDAQ,tradable_ohlcv
2017-09-22,17550.0,17750.0,17250.0,17550.0,18605.0,324323750.0,291172295700.0,16591014,KOSDAQ,tradable_ohlcv
2017-09-25,17500.0,17550.0,16650.0,17300.0,50072.0,848508200.0,287024542200.0,16591014,KOSDAQ,tradable_ohlcv
2017-09-26,17050.0,17350.0,16800.0,17250.0,16749.0,284132800.0,286194991500.0,16591014,KOSDAQ,tradable_ohlcv
2017-09-27,17300.0,17450.0,16950.0,17300.0,7370.0,125873900.0,287024542200.0,16591014,KOSDAQ,tradable_ohlcv
2017-09-28,17250.0,17300.0,17000.0,17250.0,3440.0,59022200.0,286194991500.0,16591014,KOSDAQ,tradable_ohlcv
2017-09-29,17450.0,17500.0,17050.0,17350.0,10957.0,188781750.0,287854092900.0,16591014,KOSDAQ,tradable_ohlcv
2017-10-10,17550.0,17550.0,17050.0,17300.0,13099.0,226231500.0,287024542200.0,16591014,KOSDAQ,tradable_ohlcv
2017-10-11,17150.0,17900.0,17150.0,17900.0,27574.0,479422150.0,296979150600.0,16591014,KOSDAQ,tradable_ohlcv
2017-10-12,18000.0,18300.0,17650.0,17900.0,24303.0,436291750.0,296979150600.0,16591014,KOSDAQ,tradable_ohlcv
2017-10-13,18000.0,18000.0,17600.0,17800.0,8082.0,143148500.0,295320049200.0,16591014,KOSDAQ,tradable_ohlcv
2017-10-16,17800.0,18000.0,17500.0,17700.0,9993.0,177001250.0,293660947800.0,16591014,KOSDAQ,tradable_ohlcv
2017-10-17,17800.0,17900.0,17550.0,17700.0,10462.0,184628100.0,293660947800.0,16591014,KOSDAQ,tradable_ohlcv
2017-10-18,17800.0,17800.0,17550.0,17700.0,5032.0,88577650.0,293660947800.0,16591014,KOSDAQ,tradable_ohlcv
2017-10-19,17950.0,17950.0,17450.0,17700.0,8372.0,146862950.0,293660947800.0,16591014,KOSDAQ,tradable_ohlcv
2017-10-20,17550.0,17900.0,17550.0,17900.0,22651.0,401809700.0,296979150600.0,16591014,KOSDAQ,tradable_ohlcv
2017-10-23,17800.0,18450.0,17700.0,18300.0,84214.0,1531568550.0,303615556200.0,16591014,KOSDAQ,tradable_ohlcv
2017-10-24,18300.0,19200.0,18300.0,19150.0,96848.0,1835869950.0,317717918100.0,16591014,KOSDAQ,tradable_ohlcv
2017-10-25,19200.0,19600.0,18950.0,19500.0,73187.0,1419275750.0,323524773000.0,16591014,KOSDAQ,tradable_ohlcv
2017-10-26,19600.0,19600.0,18800.0,19150.0,44648.0,852868250.0,317717918100.0,16591014,KOSDAQ,tradable_ohlcv
2017-10-27,18900.0,19300.0,18850.0,19300.0,25780.0,492181250.0,320206570200.0,16591014,KOSDAQ,tradable_ohlcv
2017-10-30,19300.0,19300.0,18850.0,19100.0,20314.0,386735100.0,316888367400.0,16591014,KOSDAQ,tradable_ohlcv
2017-10-31,18900.0,19150.0,18900.0,19100.0,14303.0,271612100.0,316888367400.0,16591014,KOSDAQ,tradable_ohlcv
2017-11-01,19000.0,19200.0,18950.0,19000.0,18409.0,350364050.0,315229266000.0,16591014,KOSDAQ,tradable_ohlcv
2017-11-02,18900.0,19100.0,18600.0,18800.0,45492.0,858319100.0,311911063200.0,16591014,KOSDAQ,tradable_ohlcv
2017-11-03,19000.0,19350.0,18650.0,18800.0,34033.0,644137000.0,311911063200.0,16591014,KOSDAQ,tradable_ohlcv
2017-11-06,18900.0,18900.0,18200.0,18800.0,51667.0,951399100.0,311911063200.0,16591014,KOSDAQ,tradable_ohlcv
2017-11-07,18700.0,19000.0,18500.0,18700.0,24307.0,453940250.0,310251961800.0,16591014,KOSDAQ,tradable_ohlcv
2017-11-08,18700.0,19100.0,18500.0,19100.0,31645.0,591991050.0,316888367400.0,16591014,KOSDAQ,tradable_ohlcv
2017-11-09,19050.0,19150.0,18850.0,19000.0,16009.0,303099700.0,315229266000.0,16591014,KOSDAQ,tradable_ohlcv
2017-11-10,19300.0,19400.0,18750.0,19000.0,31396.0,597110250.0,315229266000.0,16591014,KOSDAQ,tradable_ohlcv
2017-11-13,19150.0,19400.0,18950.0,19300.0,53414.0,1025731350.0,320206570200.0,16591014,KOSDAQ,tradable_ohlcv
2017-11-14,19200.0,19750.0,19100.0,19450.0,81563.0,1586026850.0,322695222300.0,16591014,KOSDAQ,tradable_ohlcv
2017-11-15,19450.0,20700.0,19300.0,20300.0,209158.0,4196763750.0,336797584200.0,16591014,KOSDAQ,tradable_ohlcv
2017-11-16,20350.0,20500.0,19900.0,20050.0,51455.0,1037306250.0,332649830700.0,16591014,KOSDAQ,tradable_ohlcv
2017-11-17,20500.0,20900.0,20050.0,20150.0,64337.0,1302816050.0,334308932100.0,16591014,KOSDAQ,tradable_ohlcv
2017-11-20,20000.0,20200.0,19800.0,20150.0,178232.0,3438126050.0,334308932100.0,16591014,KOSDAQ,tradable_ohlcv
2017-11-21,20200.0,20700.0,19750.0,20050.0,49524.0,994593800.0,332649830700.0,16591014,KOSDAQ,tradable_ohlcv
2017-11-22,20100.0,20150.0,19300.0,19450.0,235050.0,4529002500.0,322695222300.0,16591014,KOSDAQ,tradable_ohlcv
2017-11-23,19400.0,20100.0,19200.0,20050.0,104778.0,2066558700.0,332649830700.0,16591014,KOSDAQ,tradable_ohlcv
2017-11-24,20200.0,20200.0,19350.0,19600.0,68378.0,1348518250.0,325183874400.0,16591014,KOSDAQ,tradable_ohlcv
2017-11-27,19700.0,19750.0,19350.0,19600.0,37136.0,724859500.0,325183874400.0,16591014,KOSDAQ,tradable_ohlcv
2017-11-28,19700.0,19800.0,19350.0,19400.0,18532.0,360817000.0,321865671600.0,16591014,KOSDAQ,tradable_ohlcv
2017-11-29,19400.0,20250.0,19000.0,20050.0,107456.0,2127507800.0,332649830700.0,16591014,KOSDAQ,tradable_ohlcv
2017-11-30,20100.0,20150.0,19650.0,19900.0,54806.0,1089789500.0,330161178600.0,16591014,KOSDAQ,tradable_ohlcv
2017-12-01,19900.0,20600.0,19750.0,20200.0,113760.0,2295048500.0,335138482800.0,16591014,KOSDAQ,tradable_ohlcv
2017-12-04,20200.0,20450.0,19850.0,20200.0,39685.0,797642100.0,335138482800.0,16591014,KOSDAQ,tradable_ohlcv
2017-12-05,20200.0,20200.0,19600.0,19650.0,33932.0,672914650.0,326013425100.0,16591014,KOSDAQ,tradable_ohlcv
2017-12-06,19650.0,19700.0,18950.0,19000.0,49892.0,959942950.0,315229266000.0,16591014,KOSDAQ,tradable_ohlcv
2017-12-07,19000.0,19350.0,18750.0,19250.0,37301.0,708485500.0,319377019500.0,16591014,KOSDAQ,tradable_ohlcv
2017-12-08,19000.0,19100.0,18550.0,18750.0,41646.0,779361850.0,311081512500.0,16591014,KOSDAQ,tradable_ohlcv
2017-12-11,18750.0,19000.0,18600.0,18850.0,20463.0,385907950.0,312740613900.0,16591014,KOSDAQ,tradable_ohlcv
2017-12-12,18900.0,18900.0,18050.0,18100.0,40739.0,744264750.0,300297353400.0,16591014,KOSDAQ,tradable_ohlcv
2017-12-13,18250.0,18550.0,17800.0,18000.0,38079.0,690203900.0,298638252000.0,16591014,KOSDAQ,tradable_ohlcv
2017-12-14,18250.0,18600.0,17900.0,18400.0,24340.0,441573300.0,305274657600.0,16591014,KOSDAQ,tradable_ohlcv
2017-12-15,18500.0,18500.0,17800.0,18100.0,42044.0,754603950.0,300297353400.0,16591014,KOSDAQ,tradable_ohlcv
2017-12-18,17900.0,18150.0,17500.0,17600.0,49950.0,886757050.0,292001846400.0,16591014,KOSDAQ,tradable_ohlcv
2017-12-19,17600.0,18100.0,17500.0,18100.0,32190.0,572313450.0,300297353400.0,16591014,KOSDAQ,tradable_ohlcv
2017-12-20,18300.0,18300.0,16950.0,18050.0,27142.0,484526700.0,299467802700.0,16591014,KOSDAQ,tradable_ohlcv
2017-12-21,18050.0,18050.0,17500.0,17750.0,45279.0,801246050.0,294490498500.0,16591014,KOSDAQ,tradable_ohlcv
2017-12-22,17700.0,18300.0,17550.0,18150.0,68871.0,1238470650.0,301126904100.0,16591014,KOSDAQ,tradable_ohlcv
2017-12-26,18350.0,18350.0,17900.0,17950.0,65511.0,1182401550.0,297808701300.0,16591014,KOSDAQ,tradable_ohlcv
2017-12-27,18000.0,18150.0,17900.0,18100.0,18580.0,334714300.0,300297353400.0,16591014,KOSDAQ,tradable_ohlcv
2017-12-28,18350.0,18550.0,18000.0,18500.0,35111.0,644972500.0,306933759000.0,16591014,KOSDAQ,tradable_ohlcv
