d,o,h,l,c,v,a,mc,s,m
2025-01-02,16340.0,16510.0,15590.0,15600.0,686339.0,11033112330.0,168541776000.0,10803960,KOSDAQ
2025-01-03,15530.0,16200.0,14900.0,15700.0,1631415.0,25506568880.0,169622172000.0,10803960,KOSDAQ
2025-01-06,16050.0,17190.0,16020.0,16280.0,1469679.0,24366509890.0,175888468800.0,10803960,KOSDAQ
2025-01-07,16760.0,19440.0,16710.0,18380.0,5317879.0,95824815060.0,198576784800.0,10803960,KOSDAQ
2025-01-08,18630.0,20650.0,18490.0,19060.0,6415822.0,125923919180.0,205923477600.0,10803960,KOSDAQ
2025-01-09,18700.0,19820.0,18670.0,19000.0,1791746.0,34792294840.0,205275240000.0,10803960,KOSDAQ
2025-01-10,19230.0,19640.0,17940.0,18240.0,1081613.0,20346624560.0,197064230400.0,10803960,KOSDAQ
2025-01-13,18160.0,18920.0,17580.0,17620.0,675817.0,12388952510.0,190365775200.0,10803960,KOSDAQ
2025-01-14,17600.0,18070.0,16500.0,16670.0,675309.0,11451862740.0,180102013200.0,10803960,KOSDAQ
2025-01-15,16310.0,16750.0,15600.0,15610.0,469714.0,7501876920.0,168649815600.0,10803960,KOSDAQ
2025-01-16,15810.0,16430.0,15450.0,16080.0,485491.0,7743691380.0,173727676800.0,10803960,KOSDAQ
2025-01-17,15710.0,15820.0,15080.0,15150.0,373612.0,5711445860.0,163679994000.0,10803960,KOSDAQ
2025-01-20,14980.0,15520.0,14700.0,14750.0,336174.0,5070741960.0,159358410000.0,10803960,KOSDAQ
2025-01-21,14740.0,14750.0,13230.0,13230.0,580939.0,7962394390.0,142936390800.0,10803960,KOSDAQ
2025-01-22,13240.0,14220.0,13240.0,13690.0,551700.0,7615194660.0,147906212400.0,10803960,KOSDAQ
2025-01-23,14000.0,14350.0,13420.0,13710.0,539418.0,7440937000.0,148122291600.0,10803960,KOSDAQ
2025-01-24,14200.0,16760.0,14190.0,14430.0,4685646.0,72999557700.0,155901142800.0,10803960,KOSDAQ
2025-01-31,14820.0,14940.0,14370.0,14550.0,796577.0,11662889530.0,157197618000.0,10803960,KOSDAQ
2025-02-03,14550.0,14870.0,14240.0,14260.0,671908.0,9746030780.0,154064469600.0,10803960,KOSDAQ
2025-02-04,14260.0,14830.0,13990.0,14030.0,592725.0,8528934650.0,151579558800.0,10803960,KOSDAQ
2025-02-05,13960.0,14400.0,13960.0,14330.0,258804.0,3669627260.0,154820746800.0,10803960,KOSDAQ
2025-02-06,14300.0,15600.0,14300.0,15390.0,1700568.0,25726591140.0,166272944400.0,10803960,KOSDAQ
2025-02-07,16460.0,16460.0,14950.0,15060.0,1001685.0,15759349540.0,162707637600.0,10803960,KOSDAQ
2025-02-10,14860.0,16440.0,14830.0,16040.0,960680.0,15242237290.0,173295518400.0,10803960,KOSDAQ
2025-02-11,16200.0,16210.0,15670.0,16020.0,567453.0,9047973910.0,173079439200.0,10803960,KOSDAQ
2025-02-12,16110.0,16570.0,15210.0,15460.0,727099.0,11539866340.0,167029221600.0,10803960,KOSDAQ
2025-02-13,15630.0,16150.0,15080.0,15970.0,433824.0,6769663940.0,172539241200.0,10803960,KOSDAQ
2025-02-14,15970.0,16050.0,15150.0,15320.0,343693.0,5290626150.0,165516667200.0,10803960,KOSDAQ
2025-02-17,15290.0,15900.0,15120.0,15510.0,503129.0,7789184590.0,167569419600.0,10803960,KOSDAQ
2025-02-18,15510.0,16350.0,15370.0,16260.0,874899.0,14004961540.0,175672389600.0,10803960,KOSDAQ
2025-02-19,16050.0,16190.0,15340.0,15360.0,440348.0,6847211680.0,165948825600.0,10803960,KOSDAQ
2025-02-20,15430.0,16240.0,15300.0,15400.0,810307.0,12753386250.0,166380984000.0,10803960,KOSDAQ
2025-02-21,15500.0,16040.0,15380.0,15380.0,439173.0,6868901210.0,166164904800.0,10803960,KOSDAQ
2025-02-24,15310.0,15630.0,15110.0,15390.0,257505.0,3956525540.0,166272944400.0,10803960,KOSDAQ
2025-02-25,15440.0,15440.0,14850.0,14870.0,208331.0,3131822220.0,160654885200.0,10803960,KOSDAQ
2025-02-26,15100.0,15220.0,14600.0,14620.0,239162.0,3560686310.0,157953895200.0,10803960,KOSDAQ
2025-02-27,14610.0,14960.0,14130.0,14890.0,177433.0,2576977500.0,160870964400.0,10803960,KOSDAQ
2025-02-28,15060.0,15580.0,14430.0,14530.0,437666.0,6635678180.0,156981538800.0,10803960,KOSDAQ
2025-03-04,14540.0,15000.0,14300.0,14460.0,214957.0,3155007115.0,156225261600.0,10803960,KOSDAQ
2025-03-05,14690.0,15060.0,14250.0,14300.0,208515.0,3024860865.0,154496628000.0,10803960,KOSDAQ
2025-03-06,14560.0,14780.0,14100.0,14100.0,147309.0,2104855490.0,152335836000.0,10803960,KOSDAQ
2025-03-07,14000.0,14000.0,13500.0,13520.0,131977.0,1810155920.0,146069539200.0,10803960,KOSDAQ
2025-03-10,13530.0,13910.0,13520.0,13700.0,65441.0,898169080.0,148014252000.0,10803960,KOSDAQ
2025-03-11,13310.0,13400.0,12550.0,13170.0,153314.0,2012036500.0,142288153200.0,10803960,KOSDAQ
2025-03-12,13190.0,13470.0,13050.0,13050.0,91372.0,1205642240.0,140991678000.0,10803960,KOSDAQ
2025-03-13,13110.0,13780.0,13110.0,13440.0,169296.0,2283791140.0,145205222400.0,10803960,KOSDAQ
2025-03-14,13380.0,14230.0,13080.0,13890.0,250809.0,3442556590.0,151150424400.0,10881960,KOSDAQ
2025-03-17,14310.0,14530.0,13760.0,13880.0,165868.0,2338866520.0,151041604800.0,10881960,KOSDAQ
2025-03-18,15190.0,18040.0,14970.0,18040.0,9169726.0,158217780535.0,196310558400.0,10881960,KOSDAQ
2025-03-19,18830.0,18870.0,16880.0,17160.0,4060574.0,72349950620.0,186734433600.0,10881960,KOSDAQ
2025-03-20,17150.0,17510.0,17020.0,17400.0,1966887.0,33909102470.0,189346104000.0,10881960,KOSDAQ
2025-03-21,16490.0,16750.0,15900.0,15910.0,1108860.0,18023239045.0,173131983600.0,10881960,KOSDAQ
2025-03-24,15950.0,17010.0,15510.0,15690.0,1777434.0,28764845955.0,170737952400.0,10881960,KOSDAQ
2025-03-25,16470.0,19600.0,16140.0,19180.0,16763450.0,307562869350.0,208715992800.0,10881960,KOSDAQ
2025-03-26,18450.0,18720.0,17450.0,18260.0,3106115.0,56814515630.0,198704589600.0,10881960,KOSDAQ
2025-03-27,19350.0,20400.0,17470.0,17710.0,6964108.0,134242537400.0,192719511600.0,10881960,KOSDAQ
2025-03-28,17770.0,20500.0,17770.0,19980.0,13759700.0,268146709960.0,217421560800.0,10881960,KOSDAQ
2025-03-31,21800.0,25950.0,19630.0,25950.0,9635417.0,220043602775.0,282386862000.0,10881960,KOSDAQ
2025-04-01,26300.0,26350.0,24650.0,25250.0,3629452.0,92801394675.0,274769490000.0,10881960,KOSDAQ
2025-04-02,24950.0,28950.0,24200.0,25850.0,6765897.0,177467286475.0,281298666000.0,10881960,KOSDAQ
2025-04-03,25100.0,27400.0,24700.0,26050.0,2649938.0,69229668625.0,283475058000.0,10881960,KOSDAQ
2025-04-04,25500.0,25700.0,23850.0,24500.0,1152333.0,28407265100.0,266608020000.0,10881960,KOSDAQ
2025-04-07,22550.0,22900.0,20700.0,21500.0,1252906.0,27353652650.0,233962140000.0,10881960,KOSDAQ
2025-04-08,22700.0,23150.0,20600.0,20900.0,1730072.0,37956105325.0,227432964000.0,10881960,KOSDAQ
2025-04-09,20150.0,21750.0,19970.0,20350.0,1015406.0,21089407610.0,221447886000.0,10881960,KOSDAQ
2025-04-10,21650.0,21700.0,20850.0,21050.0,640520.0,13585920250.0,229065258000.0,10881960,KOSDAQ
2025-04-11,22600.0,25000.0,22050.0,24150.0,3828486.0,91269326275.0,262799334000.0,10881960,KOSDAQ
2025-04-14,23950.0,25400.0,23300.0,24200.0,1323723.0,32352413800.0,263343432000.0,10881960,KOSDAQ
2025-04-15,25400.0,25850.0,23900.0,24250.0,861006.0,21244190250.0,263887530000.0,10881960,KOSDAQ
2025-04-16,23800.0,24300.0,22700.0,22750.0,546125.0,12858785250.0,247564590000.0,10881960,KOSDAQ
2025-04-17,24250.0,24900.0,23200.0,23700.0,891337.0,21379850000.0,257902452000.0,10881960,KOSDAQ
2025-04-18,24050.0,24500.0,23250.0,23750.0,732220.0,17478809875.0,258446550000.0,10881960,KOSDAQ
2025-04-21,24250.0,28650.0,23850.0,27850.0,3588959.0,95165904625.0,303062586000.0,10881960,KOSDAQ
2025-04-22,26350.0,26600.0,25500.0,26200.0,1062057.0,27650347125.0,285107352000.0,10881960,KOSDAQ
2025-04-23,26300.0,26400.0,24750.0,26100.0,773154.0,19881635325.0,284019156000.0,10881960,KOSDAQ
2025-04-24,27050.0,29350.0,24050.0,24200.0,3009810.0,81598511050.0,263343432000.0,10881960,KOSDAQ
2025-04-25,24750.0,25150.0,24100.0,24400.0,445625.0,10944944500.0,265519824000.0,10881960,KOSDAQ
2025-04-28,23700.0,23900.0,20550.0,21100.0,706556.0,15607843550.0,229609356000.0,10881960,KOSDAQ
2025-04-29,21600.0,21850.0,20900.0,21150.0,268096.0,5701424250.0,232698856500.0,11002310,KOSDAQ
2025-04-30,23250.0,25400.0,22300.0,22850.0,3926332.0,95266057600.0,251402783500.0,11002310,KOSDAQ
2025-05-02,23400.0,23650.0,21750.0,22500.0,531375.0,12106730475.0,247551975000.0,11002310,KOSDAQ
2025-05-07,21750.0,23750.0,20800.0,22150.0,1157029.0,26072698625.0,243701166500.0,11002310,KOSDAQ
2025-05-08,22150.0,22800.0,22050.0,22200.0,315589.0,7057536075.0,244251282000.0,11002310,KOSDAQ
2025-05-09,22500.0,22750.0,21050.0,21050.0,298263.0,6403594775.0,231598625500.0,11002310,KOSDAQ
2025-05-12,21250.0,22250.0,20900.0,22150.0,327530.0,7146416900.0,243701166500.0,11002310,KOSDAQ
2025-05-13,21900.0,24400.0,21400.0,23000.0,1540750.0,35718689550.0,253053130000.0,11002310,KOSDAQ
2025-05-14,22900.0,23000.0,22100.0,22250.0,227369.0,5085228250.0,244801397500.0,11002310,KOSDAQ
2025-05-15,22050.0,22350.0,21400.0,21800.0,183326.0,3985657550.0,239850358000.0,11002310,KOSDAQ
2025-05-16,21800.0,22200.0,21000.0,21050.0,210496.0,4522311900.0,231598625500.0,11002310,KOSDAQ
2025-05-19,20900.0,21900.0,20800.0,21350.0,199970.0,4227604875.0,234899318500.0,11002310,KOSDAQ
2025-05-20,21400.0,21550.0,20950.0,21200.0,135473.0,2872702425.0,233248972000.0,11002310,KOSDAQ
2025-05-21,21100.0,21800.0,21100.0,21500.0,143334.0,3073625625.0,236549665000.0,11002310,KOSDAQ
2025-05-22,21600.0,21950.0,21200.0,21600.0,140764.0,3040090175.0,237649896000.0,11002310,KOSDAQ
2025-05-23,20450.0,20750.0,20050.0,20100.0,196185.0,3988917125.0,221146431000.0,11002310,KOSDAQ
2025-05-26,20000.0,20950.0,20000.0,20700.0,169074.0,3483469475.0,227747817000.0,11002310,KOSDAQ
2025-05-27,21500.0,22000.0,21150.0,21700.0,263605.0,5688219700.0,238750127000.0,11002310,KOSDAQ
2025-05-28,22550.0,22650.0,21800.0,22350.0,359659.0,7993836575.0,245901628500.0,11002310,KOSDAQ
2025-05-29,22650.0,22650.0,22100.0,22450.0,171217.0,3834750575.0,247001859500.0,11002310,KOSDAQ
2025-05-30,22550.0,22850.0,21800.0,22000.0,192583.0,4286699500.0,242050820000.0,11002310,KOSDAQ
2025-06-02,21850.0,22400.0,21350.0,21900.0,146839.0,3227651500.0,240950589000.0,11002310,KOSDAQ
2025-06-04,21850.0,21850.0,20600.0,21100.0,196918.0,4140365250.0,232148741000.0,11002310,KOSDAQ
2025-06-05,20950.0,21300.0,20800.0,21100.0,123992.0,2607212150.0,232148741000.0,11002310,KOSDAQ
2025-06-09,21550.0,22750.0,21450.0,22400.0,303851.0,6714528025.0,246451744000.0,11002310,KOSDAQ
2025-06-10,22200.0,22300.0,21600.0,21900.0,152793.0,3342646225.0,240950589000.0,11002310,KOSDAQ
2025-06-11,22350.0,24450.0,21750.0,23600.0,1253106.0,29242954125.0,259654516000.0,11002310,KOSDAQ
2025-06-12,23450.0,24000.0,23100.0,23650.0,338915.0,8004425525.0,260204631500.0,11002310,KOSDAQ
2025-06-13,24000.0,24950.0,23600.0,24700.0,702704.0,17205749550.0,271757057000.0,11002310,KOSDAQ
2025-06-16,24100.0,25600.0,23650.0,25300.0,413785.0,10311851150.0,278358443000.0,11002310,KOSDAQ
2025-06-17,25100.0,26600.0,24000.0,24150.0,607331.0,15219994775.0,265705786500.0,11002310,KOSDAQ
2025-06-18,24400.0,25050.0,23700.0,23850.0,269341.0,6546684250.0,262405093500.0,11002310,KOSDAQ
2025-06-19,24150.0,24150.0,23200.0,23650.0,192743.0,4533250525.0,260204631500.0,11002310,KOSDAQ
2025-06-20,23950.0,24000.0,23150.0,23400.0,239833.0,5637945000.0,257454054000.0,11002310,KOSDAQ
2025-06-23,22950.0,23500.0,22350.0,23300.0,154880.0,3568116675.0,256353823000.0,11002310,KOSDAQ
2025-06-24,24350.0,24450.0,22900.0,23000.0,268809.0,6327926425.0,253053130000.0,11002310,KOSDAQ
2025-06-25,23000.0,23100.0,21400.0,21950.0,263855.0,5825967650.0,241500704500.0,11002310,KOSDAQ
2025-06-26,22000.0,22100.0,21200.0,21450.0,126048.0,2711785425.0,235999549500.0,11002310,KOSDAQ
2025-06-27,21500.0,21650.0,20900.0,21250.0,121675.0,2582407100.0,233799087500.0,11002310,KOSDAQ
2025-06-30,21550.0,21600.0,20950.0,21000.0,114802.0,2440250550.0,231048510000.0,11002310,KOSDAQ
2025-07-01,21050.0,21450.0,20800.0,21350.0,98034.0,2078989825.0,234899318500.0,11002310,KOSDAQ
2025-07-02,21700.0,21700.0,20750.0,20850.0,103061.0,2167994975.0,229398163500.0,11002310,KOSDAQ
2025-07-03,21100.0,22500.0,20900.0,22200.0,256955.0,5651243725.0,244251282000.0,11002310,KOSDAQ
2025-07-04,22050.0,22250.0,21800.0,22100.0,81726.0,1799750600.0,243151051000.0,11002310,KOSDAQ
2025-07-07,22350.0,22450.0,21800.0,21800.0,100245.0,2214838475.0,239850358000.0,11002310,KOSDAQ
2025-07-08,21650.0,22600.0,21600.0,22450.0,125139.0,2770563450.0,247001859500.0,11002310,KOSDAQ
2025-07-09,22700.0,23350.0,22500.0,22950.0,134973.0,3099490325.0,252503014500.0,11002310,KOSDAQ
2025-07-10,23250.0,24600.0,23150.0,24250.0,430385.0,10354365275.0,266806017500.0,11002310,KOSDAQ
2025-07-11,24200.0,28850.0,23850.0,28250.0,2321508.0,63727571075.0,310815257500.0,11002310,KOSDAQ
2025-07-14,29150.0,30300.0,27700.0,30000.0,1305849.0,38023011850.0,330069300000.0,11002310,KOSDAQ
2025-07-15,29700.0,30750.0,29400.0,30500.0,757241.0,22826600275.0,335570455000.0,11002310,KOSDAQ
2025-07-16,29950.0,30300.0,29000.0,29650.0,435484.0,12975049675.0,326218491500.0,11002310,KOSDAQ
2025-07-17,29950.0,30250.0,27150.0,27950.0,613252.0,17452416375.0,307514564500.0,11002310,KOSDAQ
2025-07-18,27900.0,28200.0,27300.0,27900.0,229180.0,6352289775.0,306964449000.0,11002310,KOSDAQ
2025-07-21,28250.0,28500.0,26700.0,27300.0,280351.0,7742093625.0,300363063000.0,11002310,KOSDAQ
2025-07-22,27600.0,28000.0,26750.0,27150.0,175062.0,4768602325.0,298712716500.0,11002310,KOSDAQ
2025-07-23,27850.0,27950.0,25950.0,25950.0,334917.0,8974920475.0,285509944500.0,11002310,KOSDAQ
2025-07-24,26250.0,26400.0,25750.0,26250.0,175805.0,4580783400.0,290425012500.0,11063810,KOSDAQ
2025-07-25,26400.0,26400.0,25700.0,26050.0,112998.0,2935275500.0,288212250500.0,11063810,KOSDAQ
2025-07-28,26350.0,26500.0,25250.0,25300.0,167933.0,4341928500.0,279914393000.0,11063810,KOSDAQ
2025-07-29,25250.0,26250.0,24550.0,25200.0,243216.0,6201001475.0,278808012000.0,11063810,KOSDAQ
2025-07-30,25150.0,25750.0,24800.0,25000.0,117927.0,2951230325.0,276595250000.0,11063810,KOSDAQ
2025-07-31,25050.0,26050.0,24800.0,26000.0,152541.0,3906034275.0,287659060000.0,11063810,KOSDAQ
2025-08-01,25250.0,25250.0,23600.0,23700.0,208369.0,5039021125.0,262212297000.0,11063810,KOSDAQ
2025-08-04,23700.0,24550.0,23650.0,24450.0,69867.0,1692083425.0,270510154500.0,11063810,KOSDAQ
2025-08-05,24750.0,25250.0,24450.0,25100.0,98847.0,2457747475.0,277701631000.0,11063810,KOSDAQ
2025-08-06,24850.0,25650.0,24550.0,25150.0,85033.0,2138190700.0,278254821500.0,11063810,KOSDAQ
2025-08-07,25300.0,26300.0,25000.0,25100.0,144926.0,3691716525.0,277701631000.0,11063810,KOSDAQ
2025-08-08,24900.0,25250.0,24700.0,25250.0,70875.0,1772427175.0,279361202500.0,11063810,KOSDAQ
2025-08-11,25200.0,26400.0,24100.0,24600.0,359075.0,9061372875.0,272169726000.0,11063810,KOSDAQ
2025-08-12,24900.0,25300.0,24500.0,24850.0,117978.0,2934401375.0,274935678500.0,11063810,KOSDAQ
2025-08-13,25200.0,25200.0,24400.0,24650.0,104716.0,2586579925.0,272722916500.0,11063810,KOSDAQ
2025-08-14,24550.0,25250.0,24500.0,24750.0,132495.0,3295717175.0,273829297500.0,11063810,KOSDAQ
2025-08-18,25200.0,27050.0,24750.0,25800.0,509080.0,13117441150.0,285446298000.0,11063810,KOSDAQ
2025-08-19,25550.0,29050.0,25250.0,27800.0,1460783.0,40417907600.0,307573918000.0,11063810,KOSDAQ
2025-08-20,26850.0,27300.0,24300.0,24600.0,910065.0,23241805100.0,272169726000.0,11063810,KOSDAQ
2025-08-21,24600.0,24900.0,22950.0,22950.0,573351.0,13587873625.0,253914439500.0,11063810,KOSDAQ
2025-08-22,23000.0,23750.0,22650.0,23450.0,312183.0,7229365650.0,259446344500.0,11063810,KOSDAQ
2025-08-25,23950.0,25200.0,23900.0,24700.0,341147.0,8387896400.0,273276107000.0,11063810,KOSDAQ
2025-08-26,24600.0,25550.0,24150.0,24700.0,230871.0,5753932300.0,273276107000.0,11063810,KOSDAQ
2025-08-27,24850.0,26800.0,24000.0,26300.0,990229.0,25473066725.0,290978203000.0,11063810,KOSDAQ
2025-08-28,26050.0,26450.0,25500.0,26000.0,270424.0,7035422700.0,287659060000.0,11063810,KOSDAQ
2025-08-29,26000.0,26800.0,25800.0,26650.0,339094.0,8983128250.0,294850536500.0,11063810,KOSDAQ
2025-09-01,26750.0,26900.0,25900.0,26200.0,271188.0,7158070825.0,289871822000.0,11063810,KOSDAQ
2025-09-02,26450.0,26950.0,26000.0,26250.0,261083.0,6911512125.0,290425012500.0,11063810,KOSDAQ
2025-09-03,26300.0,27750.0,25850.0,27300.0,488684.0,13144784050.0,302042013000.0,11063810,KOSDAQ
2025-09-04,27250.0,33100.0,27000.0,30550.0,4403024.0,136565498775.0,337999395500.0,11063810,KOSDAQ
2025-09-05,30300.0,35550.0,29600.0,33350.0,3817396.0,126529193425.0,368978063500.0,11063810,KOSDAQ
2025-09-08,34050.0,36800.0,33400.0,35300.0,1983222.0,69928106000.0,390552493000.0,11063810,KOSDAQ
2025-09-09,35100.0,35850.0,34500.0,35300.0,645350.0,22717691075.0,390552493000.0,11063810,KOSDAQ
2025-09-10,35200.0,37100.0,34800.0,36000.0,661659.0,23560925775.0,398297160000.0,11063810,KOSDAQ
2025-09-11,35600.0,36300.0,35000.0,35500.0,393115.0,14003809250.0,392765255000.0,11063810,KOSDAQ
2025-09-12,35500.0,36800.0,34950.0,36250.0,642382.0,23093483400.0,401063112500.0,11063810,KOSDAQ
2025-09-15,36450.0,38250.0,34800.0,37350.0,1009400.0,37245365300.0,413233303500.0,11063810,KOSDAQ
2025-09-16,37750.0,38200.0,36350.0,37100.0,452343.0,16847303125.0,410467351000.0,11063810,KOSDAQ
2025-09-17,37200.0,47550.0,36550.0,44700.0,7117138.0,319001001000.0,494552307000.0,11063810,KOSDAQ
2025-09-18,43050.0,44600.0,40000.0,40750.0,1712510.0,71421590150.0,450850257500.0,11063810,KOSDAQ
2025-09-19,40800.0,46250.0,40600.0,45100.0,3834128.0,168585890050.0,498977831000.0,11063810,KOSDAQ
2025-09-22,45550.0,45900.0,42750.0,43800.0,779135.0,34288715000.0,484594878000.0,11063810,KOSDAQ
2025-09-23,44100.0,53000.0,43750.0,48300.0,3865839.0,186447761750.0,534382023000.0,11063810,KOSDAQ
2025-09-24,48350.0,54800.0,47950.0,52600.0,2477886.0,128300097075.0,581956406000.0,11063810,KOSDAQ
2025-09-25,53000.0,54400.0,51900.0,52800.0,773073.0,40991163800.0,584169168000.0,11063810,KOSDAQ
2025-09-26,52800.0,57100.0,51200.0,52800.0,1145001.0,61621681700.0,584169168000.0,11063810,KOSDAQ
2025-09-29,53200.0,55500.0,51500.0,52600.0,755627.0,40338974650.0,581956406000.0,11063810,KOSDAQ
2025-09-30,52600.0,53100.0,50600.0,51500.0,479242.0,24963522900.0,569786215000.0,11063810,KOSDAQ
2025-10-01,51500.0,66000.0,51500.0,63700.0,3201425.0,193354484900.0,707819112000.0,11111760,KOSDAQ
2025-10-02,63700.0,70800.0,62900.0,65200.0,2207292.0,147139609950.0,724486752000.0,11111760,KOSDAQ
2025-10-10,21150.0,21150.0,21150.0,21150.0,330128.0,6982197500.0,235013724000.0,11111760,KOSDAQ
2025-10-13,23200.0,26600.0,19520.0,21750.0,10160261.0,237203270575.0,241680780000.0,11111760,KOSDAQ
2025-10-14,21150.0,22750.0,19670.0,19670.0,1915999.0,40060412265.0,218568319200.0,11111760,KOSDAQ
2025-10-15,19070.0,20750.0,18920.0,19610.0,708545.0,14184048790.0,217901613600.0,11111760,KOSDAQ
2025-10-16,19580.0,20200.0,18130.0,18150.0,628699.0,11852674690.0,201678444000.0,11111760,KOSDAQ
2025-10-17,18200.0,19010.0,17530.0,18370.0,656387.0,12012557470.0,204123031200.0,11111760,KOSDAQ
2025-10-20,18200.0,19000.0,18000.0,18220.0,418572.0,7730498725.0,202456267200.0,11111760,KOSDAQ
2025-10-21,18570.0,20100.0,18350.0,19280.0,874709.0,16700001340.0,214234732800.0,11111760,KOSDAQ
2025-10-22,19400.0,19430.0,18360.0,18950.0,289972.0,5477033860.0,210567852000.0,11111760,KOSDAQ
2025-10-23,19380.0,19830.0,19040.0,19330.0,487417.0,9498590250.0,214790320800.0,11111760,KOSDAQ
2025-10-24,19330.0,19350.0,18400.0,18680.0,347023.0,6457341830.0,207567676800.0,11111760,KOSDAQ
2025-10-27,18680.0,19900.0,18000.0,19800.0,459926.0,8752350950.0,220012848000.0,11111760,KOSDAQ
2025-10-28,20100.0,20950.0,18850.0,19000.0,768050.0,14578185940.0,211123440000.0,11111760,KOSDAQ
2025-10-29,19300.0,19300.0,18110.0,18600.0,541739.0,10007336010.0,206678736000.0,11111760,KOSDAQ
2025-10-30,16430.0,19500.0,16410.0,17630.0,1765514.0,31933439490.0,195900328800.0,11111760,KOSDAQ
2025-10-31,17800.0,19290.0,16980.0,17140.0,1190056.0,21635523520.0,190455566400.0,11111760,KOSDAQ
2025-11-03,16300.0,16450.0,14590.0,14820.0,3948806.0,60110318585.0,658705132800.0,44447040,KOSDAQ
2025-11-04,14450.0,16130.0,13890.0,14870.0,4316666.0,65070345715.0,660927484800.0,44447040,KOSDAQ
2025-11-05,15000.0,15800.0,14260.0,14850.0,2628547.0,39365494105.0,660038544000.0,44447040,KOSDAQ
2025-11-06,15110.0,15410.0,13790.0,14090.0,1838577.0,26389636985.0,626258793600.0,44447040,KOSDAQ
2025-11-07,13650.0,15200.0,13620.0,13780.0,2695641.0,38686341375.0,612480211200.0,44447040,KOSDAQ
2025-11-10,13780.0,13830.0,13310.0,13570.0,1076572.0,14538525480.0,603146332800.0,44447040,KOSDAQ
2025-11-11,13770.0,14050.0,13100.0,13370.0,1249983.0,16900989890.0,594256924800.0,44447040,KOSDAQ
2025-11-12,13590.0,14140.0,13200.0,13680.0,1886711.0,25639539985.0,608035507200.0,44447040,KOSDAQ
2025-11-13,13680.0,15600.0,13250.0,14000.0,6593848.0,97102753175.0,622258560000.0,44447040,KOSDAQ
2025-11-14,13690.0,15250.0,13520.0,14460.0,4064051.0,59585054780.0,642704198400.0,44447040,KOSDAQ
2025-11-17,14430.0,15300.0,13950.0,14520.0,3055197.0,45016317655.0,645557254320.0,44459866,KOSDAQ
2025-11-18,14490.0,15530.0,13090.0,14970.0,6959777.0,101064545200.0,665564194020.0,44459866,KOSDAQ
2025-11-19,15130.0,16600.0,14580.0,15770.0,7806852.0,123269108160.0,701132086820.0,44459866,KOSDAQ
2025-11-20,15900.0,16620.0,15500.0,16210.0,3752803.0,61068343710.0,720694427860.0,44459866,KOSDAQ
2025-11-21,15700.0,18510.0,15420.0,17140.0,8886107.0,153483173195.0,762556303240.0,44489866,KOSDAQ
2025-11-24,17170.0,18000.0,16240.0,16460.0,3027662.0,51732954605.0,732303194360.0,44489866,KOSDAQ
2025-11-25,16600.0,17300.0,15270.0,15420.0,3294075.0,53580604915.0,686033733720.0,44489866,KOSDAQ
2025-11-26,15550.0,16240.0,15320.0,15640.0,2360053.0,37270485930.0,695821504240.0,44489866,KOSDAQ
2025-11-27,15870.0,18190.0,15770.0,17750.0,10724821.0,187383721815.0,789695121500.0,44489866,KOSDAQ
2025-11-28,17880.0,21450.0,17590.0,20750.0,11964071.0,237726811400.0,923164719500.0,44489866,KOSDAQ
2025-12-01,21100.0,21200.0,19790.0,19860.0,3460786.0,69995416010.0,883568738760.0,44489866,KOSDAQ
2025-12-02,19860.0,20500.0,18970.0,20050.0,3493032.0,68928316325.0,892021813300.0,44489866,KOSDAQ
2025-12-03,20150.0,21000.0,19850.0,19980.0,2841139.0,57698854425.0,888907522680.0,44489866,KOSDAQ
2025-12-04,20500.0,21250.0,17200.0,19080.0,8114063.0,159422590905.0,848866643280.0,44489866,KOSDAQ
2025-12-05,19380.0,19800.0,16800.0,17280.0,5700974.0,101161971750.0,768784884480.0,44489866,KOSDAQ
2025-12-08,17280.0,17770.0,16800.0,16940.0,2289095.0,39386064190.0,753658330040.0,44489866,KOSDAQ
2025-12-09,17120.0,17410.0,16400.0,16510.0,1700858.0,28519212370.0,734527687660.0,44489866,KOSDAQ
2025-12-10,16400.0,16710.0,15930.0,16370.0,2039304.0,33288693780.0,728299106420.0,44489866,KOSDAQ
2025-12-11,16650.0,18290.0,16510.0,18000.0,6571002.0,116747537795.0,800817588000.0,44489866,KOSDAQ
2025-12-12,18100.0,19620.0,17800.0,19280.0,5049997.0,95183444915.0,857764616480.0,44489866,KOSDAQ
2025-12-15,19260.0,21000.0,19040.0,20550.0,5763368.0,117177236760.0,914266746300.0,44489866,KOSDAQ
2025-12-16,20550.0,20550.0,18500.0,18740.0,2942309.0,56712632365.0,833740088840.0,44489866,KOSDAQ
2025-12-17,19300.0,19540.0,17960.0,17970.0,2106276.0,39288470410.0,799482892020.0,44489866,KOSDAQ
2025-12-18,17400.0,19120.0,17350.0,18270.0,1978492.0,36524446885.0,812829851820.0,44489866,KOSDAQ
2025-12-19,18260.0,20500.0,17620.0,18920.0,4895002.0,94606071615.0,841748264720.0,44489866,KOSDAQ
2025-12-22,19180.0,19440.0,18500.0,18920.0,1481362.0,28016860340.0,841748264720.0,44489866,KOSDAQ
2025-12-23,19010.0,19630.0,18150.0,18610.0,1842035.0,34398675715.0,827956406260.0,44489866,KOSDAQ
2025-12-24,18900.0,19700.0,18610.0,18940.0,2403879.0,45990388030.0,842638062040.0,44489866,KOSDAQ
2025-12-26,19120.0,22050.0,19120.0,21800.0,15210907.0,318874252920.0,969879078800.0,44489866,KOSDAQ
2025-12-29,22000.0,23700.0,21000.0,22350.0,7892002.0,175307696875.0,994348505100.0,44489866,KOSDAQ
2025-12-30,21600.0,22050.0,19550.0,19550.0,3566755.0,71702026030.0,869776880300.0,44489866,KOSDAQ
