d,o,h,l,c,v,a,mc,s,m,rs
2024-01-02,0.0,0.0,0.0,549.0,0.0,0.0,4421172762.0,8053138,KONEX,non_tradable_zero_volume
2024-01-03,549.0,549.0,549.0,549.0,400.0,219600.0,4421172762.0,8053138,KONEX,tradable_ohlcv
2024-01-04,629.0,629.0,629.0,629.0,1.0,629.0,5065423802.0,8053138,KONEX,tradable_ohlcv
2024-01-05,0.0,0.0,0.0,535.0,0.0,0.0,4308428830.0,8053138,KONEX,non_tradable_zero_volume
2024-01-08,0.0,0.0,0.0,499.0,0.0,0.0,4018515862.0,8053138,KONEX,non_tradable_zero_volume
2024-01-09,425.0,498.0,425.0,498.0,9625.0,4090698.0,4010462724.0,8053138,KONEX,tradable_ohlcv
2024-01-10,531.0,531.0,531.0,531.0,1.0,531.0,4276216278.0,8053138,KONEX,tradable_ohlcv
2024-01-11,602.0,602.0,602.0,602.0,1.0,602.0,4847989076.0,8053138,KONEX,tradable_ohlcv
2024-01-12,0.0,0.0,0.0,512.0,0.0,0.0,4123206656.0,8053138,KONEX,non_tradable_zero_volume
2024-01-15,499.0,499.0,436.0,488.0,152.0,71598.0,3929931344.0,8053138,KONEX,tradable_ohlcv
2024-01-16,560.0,560.0,415.0,499.0,103.0,43058.0,4018515862.0,8053138,KONEX,tradable_ohlcv
2024-01-17,572.0,572.0,425.0,479.0,252.0,118101.0,3857453102.0,8053138,KONEX,tradable_ohlcv
2024-01-18,500.0,500.0,500.0,500.0,1.0,500.0,4026569000.0,8053138,KONEX,tradable_ohlcv
2024-01-19,574.0,574.0,574.0,574.0,1.0,574.0,4622501212.0,8053138,KONEX,tradable_ohlcv
2024-01-22,658.0,658.0,658.0,658.0,1.0,658.0,5298964804.0,8053138,KONEX,tradable_ohlcv
2024-01-23,560.0,560.0,560.0,560.0,500.0,280000.0,4509757280.0,8053138,KONEX,tradable_ohlcv
2024-01-24,642.0,642.0,476.0,549.0,202.0,96391.0,4421172762.0,8053138,KONEX,tradable_ohlcv
2024-01-25,631.0,631.0,499.0,499.0,206.0,102926.0,4018515862.0,8053138,KONEX,tradable_ohlcv
2024-01-26,450.0,550.0,425.0,550.0,4454.0,2067006.0,4429225900.0,8053138,KONEX,tradable_ohlcv
2024-01-29,630.0,630.0,468.0,579.0,703.0,332008.0,4662766902.0,8053138,KONEX,tradable_ohlcv
2024-01-30,664.0,664.0,664.0,664.0,2.0,1328.0,5347283632.0,8053138,KONEX,tradable_ohlcv
2024-01-31,565.0,565.0,565.0,565.0,1001.0,565565.0,4550022970.0,8053138,KONEX,tradable_ohlcv
2024-02-01,649.0,649.0,481.0,598.0,302.0,145547.0,4815776524.0,8053138,KONEX,tradable_ohlcv
2024-02-02,684.0,684.0,509.0,580.0,2497.0,1469995.0,4670820040.0,8053138,KONEX,tradable_ohlcv
2024-02-05,665.0,665.0,665.0,665.0,1.0,665.0,5355336770.0,8053138,KONEX,tradable_ohlcv
2024-02-06,566.0,566.0,566.0,566.0,209.0,118294.0,4558076108.0,8053138,KONEX,tradable_ohlcv
2024-02-07,639.0,639.0,483.0,579.0,565.0,275776.0,4662766902.0,8053138,KONEX,tradable_ohlcv
2024-02-08,659.0,659.0,501.0,657.0,2519.0,1469685.0,5290911666.0,8053138,KONEX,tradable_ohlcv
2024-02-13,559.0,652.0,559.0,651.0,611.0,342912.0,5242592838.0,8053138,KONEX,tradable_ohlcv
2024-02-14,556.0,747.0,555.0,555.0,117.0,65277.0,4469491590.0,8053138,KONEX,tradable_ohlcv
2024-02-15,627.0,627.0,500.0,624.0,725.0,363031.0,5025158112.0,8053138,KONEX,tradable_ohlcv
2024-02-16,648.0,648.0,531.0,531.0,5225.0,2839920.0,4276216278.0,8053138,KONEX,tradable_ohlcv
2024-02-19,452.0,604.0,452.0,601.0,12061.0,5452256.0,4839935938.0,8053138,KONEX,tradable_ohlcv
2024-02-20,679.0,679.0,679.0,679.0,1.0,679.0,5468080702.0,8053138,KONEX,tradable_ohlcv
2024-02-21,0.0,0.0,0.0,578.0,0.0,0.0,4654713764.0,8053138,KONEX,non_tradable_zero_volume
2024-02-22,649.0,649.0,492.0,492.0,4066.0,2000629.0,3962143896.0,8053138,KONEX,tradable_ohlcv
2024-02-23,565.0,565.0,564.0,564.0,1169.0,659317.0,4541969832.0,8053138,KONEX,tradable_ohlcv
2024-02-26,644.0,644.0,481.0,638.0,1703.0,820671.0,5137902044.0,8053138,KONEX,tradable_ohlcv
2024-02-27,543.0,543.0,543.0,543.0,55.0,29865.0,4372853934.0,8053138,KONEX,tradable_ohlcv
2024-02-28,621.0,621.0,462.0,618.0,442.0,204676.0,4976839284.0,8053138,KONEX,tradable_ohlcv
2024-02-29,610.0,610.0,610.0,610.0,1.0,610.0,4912414180.0,8053138,KONEX,tradable_ohlcv
2024-03-04,609.0,609.0,519.0,607.0,3170.0,1645408.0,4888254766.0,8053138,KONEX,tradable_ohlcv
2024-03-05,516.0,606.0,516.0,606.0,102.0,52812.0,4880201628.0,8053138,KONEX,tradable_ohlcv
2024-03-06,682.0,682.0,682.0,682.0,1.0,682.0,5492240116.0,8053138,KONEX,tradable_ohlcv
2024-03-07,0.0,0.0,0.0,580.0,0.0,0.0,4670820040.0,8053138,KONEX,non_tradable_zero_volume
2024-03-08,619.0,619.0,619.0,619.0,1.0,619.0,4984892422.0,8053138,KONEX,tradable_ohlcv
2024-03-11,711.0,711.0,711.0,711.0,1.0,711.0,5725781118.0,8053138,KONEX,tradable_ohlcv
2024-03-12,605.0,605.0,605.0,605.0,12.0,7260.0,4872148490.0,8053138,KONEX,tradable_ohlcv
2024-03-13,688.0,688.0,685.0,685.0,4.0,2743.0,5516399530.0,8053138,KONEX,tradable_ohlcv
2024-03-14,583.0,583.0,583.0,583.0,31.0,18073.0,6070859454.0,10413138,KONEX,tradable_ohlcv
2024-03-15,670.0,670.0,503.0,663.0,15.0,9312.0,6903910494.0,10413138,KONEX,tradable_ohlcv
2024-03-18,564.0,663.0,564.0,655.0,6044.0,3409108.0,6820605390.0,10413138,KONEX,tradable_ohlcv
2024-03-19,557.0,679.0,557.0,675.0,108.0,60756.0,7028868150.0,10413138,KONEX,tradable_ohlcv
2024-03-20,669.0,675.0,669.0,675.0,15740.0,10619154.0,7028868150.0,10413138,KONEX,tradable_ohlcv
2024-03-21,0.0,0.0,0.0,664.0,0.0,0.0,6914323632.0,10413138,KONEX,non_tradable_zero_volume
2024-03-22,750.0,750.0,565.0,600.0,3762.0,2535676.0,6247882800.0,10413138,KONEX,tradable_ohlcv
2024-03-25,510.0,689.0,510.0,670.0,2031.0,1372089.0,6976802460.0,10413138,KONEX,tradable_ohlcv
2024-03-26,0.0,0.0,0.0,664.0,0.0,0.0,6914323632.0,10413138,KONEX,non_tradable_zero_volume
2024-03-27,762.0,762.0,565.0,679.0,152.0,87441.0,7070520702.0,10413138,KONEX,tradable_ohlcv
2024-03-28,680.0,680.0,579.0,676.0,7740.0,4482638.0,7039281288.0,10413138,KONEX,tradable_ohlcv
2024-03-29,676.0,676.0,675.0,675.0,4608.0,3112910.0,7028868150.0,10413138,KONEX,tradable_ohlcv
2024-04-01,580.0,670.0,575.0,665.0,3102.0,1798835.0,6924736770.0,10413138,KONEX,tradable_ohlcv
2024-04-02,566.0,661.0,566.0,580.0,52.0,29541.0,6039620040.0,10413138,KONEX,tradable_ohlcv
2024-04-03,665.0,665.0,494.0,494.0,101.0,50065.0,5144090172.0,10413138,KONEX,tradable_ohlcv
2024-04-04,568.0,568.0,567.0,567.0,2.0,1135.0,5904249246.0,10413138,KONEX,tradable_ohlcv
2024-04-05,651.0,651.0,651.0,651.0,1.0,651.0,6778952838.0,10413138,KONEX,tradable_ohlcv
2024-04-08,651.0,651.0,640.0,640.0,8000.0,5186000.0,6664408320.0,10413138,KONEX,tradable_ohlcv
2024-04-09,627.0,627.0,627.0,627.0,2.0,1254.0,6529037526.0,10413138,KONEX,tradable_ohlcv
2024-04-11,647.0,647.0,639.0,639.0,131.0,83747.0,6653995182.0,10413138,KONEX,tradable_ohlcv
2024-04-12,642.0,642.0,544.0,580.0,9521.0,5554499.0,6039620040.0,10413138,KONEX,tradable_ohlcv
2024-04-15,666.0,666.0,500.0,595.0,2904.0,1452556.0,6195817110.0,10413138,KONEX,tradable_ohlcv
2024-04-16,684.0,684.0,506.0,549.0,3004.0,1614331.0,5716812762.0,10413138,KONEX,tradable_ohlcv
2024-04-17,588.0,588.0,577.0,577.0,301.0,173699.0,6008380626.0,10413138,KONEX,tradable_ohlcv
2024-04-18,630.0,630.0,549.0,550.0,5727.0,3305806.0,5727225900.0,10413138,KONEX,tradable_ohlcv
2024-04-19,600.0,600.0,600.0,600.0,1.0,600.0,6247882800.0,10413138,KONEX,tradable_ohlcv
2024-04-22,550.0,550.0,550.0,550.0,457.0,251350.0,5727225900.0,10413138,KONEX,tradable_ohlcv
2024-04-23,600.0,600.0,600.0,600.0,1.0,600.0,6247882800.0,10413138,KONEX,tradable_ohlcv
2024-04-24,510.0,600.0,510.0,600.0,301.0,153600.0,6247882800.0,10413138,KONEX,tradable_ohlcv
2024-04-25,599.0,599.0,510.0,549.0,591.0,308970.0,5716812762.0,10413138,KONEX,tradable_ohlcv
2024-04-26,597.0,597.0,467.0,468.0,7763.0,3720764.0,4873348584.0,10413138,KONEX,tradable_ohlcv
2024-04-29,538.0,538.0,480.0,535.0,53.0,25608.0,5571028830.0,10413138,KONEX,tradable_ohlcv
2024-04-30,598.0,598.0,455.0,549.0,8973.0,4083798.0,5716812762.0,10413138,KONEX,tradable_ohlcv
2024-05-02,471.0,471.0,467.0,467.0,6200.0,2898800.0,4862935446.0,10413138,KONEX,tradable_ohlcv
2024-05-03,537.0,537.0,467.0,499.0,6806.0,3390107.0,5196155862.0,10413138,KONEX,tradable_ohlcv
2024-05-07,572.0,572.0,500.0,500.0,11.0,5572.0,5206569000.0,10413138,KONEX,tradable_ohlcv
2024-05-08,575.0,575.0,425.0,567.0,2199.0,1000384.0,5904249246.0,10413138,KONEX,tradable_ohlcv
2024-05-09,649.0,649.0,649.0,649.0,1.0,649.0,6758126562.0,10413138,KONEX,tradable_ohlcv
2024-05-10,698.0,698.0,698.0,698.0,1.0,698.0,7268370324.0,10413138,KONEX,tradable_ohlcv
2024-05-13,594.0,594.0,594.0,594.0,5.0,2970.0,6185403972.0,10413138,KONEX,tradable_ohlcv
2024-05-14,679.0,679.0,676.0,676.0,2.0,1355.0,7039281288.0,10413138,KONEX,tradable_ohlcv
2024-05-16,575.0,575.0,575.0,575.0,102.0,58650.0,5987554350.0,10413138,KONEX,tradable_ohlcv
2024-05-17,660.0,660.0,489.0,489.0,3425.0,1674996.0,5092024482.0,10413138,KONEX,tradable_ohlcv
2024-05-20,550.0,550.0,416.0,417.0,8052.0,3375591.0,4342278546.0,10413138,KONEX,tradable_ohlcv
2024-05-21,470.0,470.0,362.0,410.0,301.0,116416.0,4269386580.0,10413138,KONEX,tradable_ohlcv
2024-05-22,469.0,469.0,469.0,469.0,1.0,469.0,4883761722.0,10413138,KONEX,tradable_ohlcv
2024-05-23,539.0,539.0,450.0,534.0,6022.0,2710161.0,5560615692.0,10413138,KONEX,tradable_ohlcv
2024-05-24,599.0,599.0,599.0,599.0,1.0,599.0,6237469662.0,10413138,KONEX,tradable_ohlcv
2024-05-27,680.0,680.0,510.0,510.0,5.0,2720.0,5310700380.0,10413138,KONEX,tradable_ohlcv
2024-05-28,499.0,558.0,434.0,541.0,15317.0,6665726.0,5633507658.0,10413138,KONEX,tradable_ohlcv
2024-05-29,460.0,599.0,460.0,599.0,14277.0,6567559.0,6237469662.0,10413138,KONEX,tradable_ohlcv
2024-05-30,510.0,510.0,510.0,510.0,4.0,2040.0,5310700380.0,10413138,KONEX,tradable_ohlcv
2024-05-31,582.0,582.0,434.0,548.0,106.0,46379.0,5706399624.0,10413138,KONEX,tradable_ohlcv
2024-06-03,620.0,620.0,470.0,598.0,13.0,6526.0,6227056524.0,10413138,KONEX,tradable_ohlcv
2024-06-04,509.0,509.0,509.0,509.0,82.0,41738.0,5300287242.0,10413138,KONEX,tradable_ohlcv
2024-06-05,580.0,584.0,440.0,440.0,3.0,1604.0,4581780720.0,10413138,KONEX,tradable_ohlcv
2024-06-07,480.0,480.0,440.0,479.0,206.0,94781.0,4987893102.0,10413138,KONEX,tradable_ohlcv
2024-06-10,550.0,550.0,479.0,479.0,2401.0,1150803.0,4987893102.0,10413138,KONEX,tradable_ohlcv
2024-06-11,480.0,480.0,408.0,479.0,12509.0,5477173.0,4987893102.0,10413138,KONEX,tradable_ohlcv
2024-06-12,479.0,479.0,477.0,477.0,8.0,3824.0,4967066826.0,10413138,KONEX,tradable_ohlcv
2024-06-13,529.0,529.0,407.0,529.0,7.0,3217.0,5508550002.0,10413138,KONEX,tradable_ohlcv
2024-06-14,599.0,599.0,450.0,450.0,2909.0,1309549.0,4685912100.0,10413138,KONEX,tradable_ohlcv
2024-06-17,517.0,517.0,517.0,517.0,1.0,517.0,5383592346.0,10413138,KONEX,tradable_ohlcv
2024-06-18,515.0,515.0,515.0,515.0,1.0,515.0,5362766070.0,10413138,KONEX,tradable_ohlcv
2024-06-19,514.0,514.0,514.0,514.0,1.0,514.0,5352352932.0,10413138,KONEX,tradable_ohlcv
2024-06-20,577.0,577.0,577.0,577.0,1.0,577.0,6008380626.0,10413138,KONEX,tradable_ohlcv
2024-06-21,656.0,656.0,491.0,491.0,3.0,1638.0,5112850758.0,10413138,KONEX,tradable_ohlcv
2024-06-24,564.0,564.0,418.0,449.0,1675.0,715359.0,4675498962.0,10413138,KONEX,tradable_ohlcv
2024-06-25,515.0,515.0,382.0,506.0,665.0,254536.0,5269047828.0,10413138,KONEX,tradable_ohlcv
2024-06-26,579.0,579.0,431.0,499.0,5002.0,2156078.0,5196155862.0,10413138,KONEX,tradable_ohlcv
2024-06-27,571.0,571.0,492.0,492.0,215.0,107337.0,5123263896.0,10413138,KONEX,tradable_ohlcv
2024-06-28,560.0,560.0,560.0,560.0,1.0,560.0,5831357280.0,10413138,KONEX,tradable_ohlcv
2024-07-01,476.0,637.0,476.0,476.0,3121.0,1485757.0,4956653688.0,10413138,KONEX,tradable_ohlcv
2024-07-02,540.0,540.0,407.0,537.0,5004.0,2039643.0,5591855106.0,10413138,KONEX,tradable_ohlcv
2024-07-03,457.0,469.0,457.0,469.0,4857.0,2219661.0,4883761722.0,10413138,KONEX,tradable_ohlcv
2024-07-04,533.0,533.0,399.0,400.0,13.0,5464.0,4165255200.0,10413138,KONEX,tradable_ohlcv
2024-07-05,460.0,460.0,460.0,460.0,1.0,460.0,4790043480.0,10413138,KONEX,tradable_ohlcv
2024-07-08,460.0,460.0,459.0,460.0,1637.0,751392.0,4790043480.0,10413138,KONEX,tradable_ohlcv
2024-07-09,528.0,528.0,450.0,509.0,1003.0,451546.0,5300287242.0,10413138,KONEX,tradable_ohlcv
2024-07-10,577.0,577.0,577.0,577.0,1.0,577.0,6008380626.0,10413138,KONEX,tradable_ohlcv
2024-07-11,581.0,581.0,491.0,491.0,805.0,395345.0,5112850758.0,10413138,KONEX,tradable_ohlcv
2024-07-12,563.0,563.0,418.0,457.0,3455.0,1485348.0,4758804066.0,10413138,KONEX,tradable_ohlcv
2024-07-15,525.0,525.0,389.0,468.0,1101.0,510079.0,4873348584.0,10413138,KONEX,tradable_ohlcv
2024-07-16,537.0,537.0,410.0,529.0,21109.0,8755070.0,5508550002.0,10413138,KONEX,tradable_ohlcv
2024-07-17,450.0,450.0,450.0,450.0,585.0,263250.0,4685912100.0,10413138,KONEX,tradable_ohlcv
2024-07-18,450.0,450.0,449.0,450.0,25680.0,11555427.0,4685912100.0,10413138,KONEX,tradable_ohlcv
2024-07-19,516.0,516.0,383.0,516.0,623.0,238875.0,5373179208.0,10413138,KONEX,tradable_ohlcv
2024-07-22,0.0,0.0,0.0,510.0,0.0,0.0,5310700380.0,10413138,KONEX,non_tradable_zero_volume
2024-07-23,509.0,509.0,509.0,509.0,5.0,2545.0,5300287242.0,10413138,KONEX,tradable_ohlcv
2024-07-24,433.0,433.0,433.0,433.0,15000.0,6495000.0,4508888754.0,10413138,KONEX,tradable_ohlcv
2024-07-25,430.0,488.0,430.0,488.0,47.0,20268.0,5081611344.0,10413138,KONEX,tradable_ohlcv
2024-07-26,415.0,415.0,415.0,415.0,200.0,83000.0,4321452270.0,10413138,KONEX,tradable_ohlcv
2024-07-29,477.0,477.0,477.0,477.0,1.0,477.0,4967066826.0,10413138,KONEX,tradable_ohlcv
2024-07-30,540.0,540.0,406.0,406.0,601.0,244140.0,4227734028.0,10413138,KONEX,tradable_ohlcv
2024-07-31,466.0,466.0,466.0,466.0,1.0,466.0,4852522308.0,10413138,KONEX,tradable_ohlcv
2024-08-01,526.0,526.0,411.0,521.0,3.0,1458.0,5425244898.0,10413138,KONEX,tradable_ohlcv
2024-08-02,595.0,595.0,443.0,443.0,2.0,1038.0,4613020134.0,10413138,KONEX,tradable_ohlcv
2024-08-05,509.0,509.0,509.0,509.0,1.0,509.0,5300287242.0,10413138,KONEX,tradable_ohlcv
2024-08-06,501.0,501.0,501.0,501.0,4.0,2004.0,5216982138.0,10413138,KONEX,tradable_ohlcv
2024-08-07,0.0,0.0,0.0,496.0,0.0,0.0,5164916448.0,10413138,KONEX,non_tradable_zero_volume
2024-08-08,562.0,562.0,562.0,562.0,1.0,562.0,5852183556.0,10413138,KONEX,tradable_ohlcv
2024-08-09,478.0,478.0,478.0,478.0,503.0,240434.0,4977479964.0,10413138,KONEX,tradable_ohlcv
2024-08-12,548.0,548.0,548.0,548.0,2.0,1096.0,5706399624.0,10413138,KONEX,tradable_ohlcv
2024-08-13,466.0,468.0,466.0,468.0,1510.0,704138.0,4873348584.0,10413138,KONEX,tradable_ohlcv
2024-08-14,468.0,538.0,468.0,468.0,219.0,102562.0,4873348584.0,10413138,KONEX,tradable_ohlcv
2024-08-16,538.0,538.0,467.0,467.0,3.0,1472.0,4862935446.0,10413138,KONEX,tradable_ohlcv
2024-08-19,535.0,535.0,401.0,466.0,3103.0,1249534.0,4852522308.0,10413138,KONEX,tradable_ohlcv
2024-08-20,530.0,530.0,530.0,530.0,1.0,530.0,5518963140.0,10413138,KONEX,tradable_ohlcv
2024-08-21,590.0,590.0,451.0,451.0,1103.0,497592.0,4696325238.0,10413138,KONEX,tradable_ohlcv
2024-08-22,515.0,515.0,515.0,515.0,1.0,515.0,5362766070.0,10413138,KONEX,tradable_ohlcv
2024-08-23,510.0,510.0,510.0,510.0,1.0,510.0,5310700380.0,10413138,KONEX,tradable_ohlcv
2024-08-26,585.0,585.0,585.0,585.0,1.0,585.0,6091685730.0,10413138,KONEX,tradable_ohlcv
2024-08-27,498.0,498.0,498.0,498.0,1.0,498.0,5185742724.0,10413138,KONEX,tradable_ohlcv
2024-08-28,565.0,565.0,565.0,565.0,1.0,565.0,5883422970.0,10413138,KONEX,tradable_ohlcv
2024-08-29,481.0,481.0,481.0,481.0,4.0,1924.0,5008719378.0,10413138,KONEX,tradable_ohlcv
2024-08-30,550.0,550.0,466.0,466.0,2.0,1016.0,4852522308.0,10413138,KONEX,tradable_ohlcv
2024-09-02,535.0,535.0,397.0,459.0,2588.0,1055994.0,4779630342.0,10413138,KONEX,tradable_ohlcv
2024-09-03,509.0,509.0,509.0,509.0,1.0,509.0,5300287242.0,10413138,KONEX,tradable_ohlcv
2024-09-04,580.0,580.0,580.0,580.0,1.0,580.0,6039620040.0,10413138,KONEX,tradable_ohlcv
2024-09-05,570.0,570.0,570.0,570.0,1.0,570.0,5935488660.0,10413138,KONEX,tradable_ohlcv
2024-09-06,485.0,485.0,485.0,485.0,2.0,970.0,5050371930.0,10413138,KONEX,tradable_ohlcv
2024-09-09,484.0,484.0,437.0,480.0,7.0,3149.0,4998306240.0,10413138,KONEX,tradable_ohlcv
2024-09-10,550.0,550.0,550.0,550.0,1.0,550.0,5727225900.0,10413138,KONEX,tradable_ohlcv
2024-09-11,468.0,468.0,468.0,468.0,2.0,936.0,4873348584.0,10413138,KONEX,tradable_ohlcv
2024-09-12,463.0,463.0,398.0,463.0,3212.0,1292481.0,4821282894.0,10413138,KONEX,tradable_ohlcv
2024-09-13,463.0,529.0,463.0,529.0,3.0,1455.0,5508550002.0,10413138,KONEX,tradable_ohlcv
2024-09-19,0.0,0.0,0.0,450.0,0.0,0.0,4685912100.0,10413138,KONEX,non_tradable_zero_volume
2024-09-20,517.0,517.0,517.0,517.0,1.0,517.0,5383592346.0,10413138,KONEX,tradable_ohlcv
2024-09-23,515.0,515.0,515.0,515.0,1.0,515.0,5362766070.0,10413138,KONEX,tradable_ohlcv
2024-09-24,559.0,559.0,559.0,559.0,1.0,559.0,5820944142.0,10413138,KONEX,tradable_ohlcv
2024-09-25,476.0,476.0,476.0,476.0,281.0,133756.0,4956653688.0,10413138,KONEX,tradable_ohlcv
2024-09-26,547.0,547.0,405.0,500.0,500.0,203132.0,5206569000.0,10413138,KONEX,tradable_ohlcv
2024-09-27,575.0,575.0,575.0,575.0,1.0,575.0,5987554350.0,10413138,KONEX,tradable_ohlcv
2024-09-30,0.0,0.0,0.0,489.0,0.0,0.0,5092024482.0,10413138,KONEX,non_tradable_zero_volume
2024-10-02,510.0,510.0,510.0,510.0,1.0,510.0,5310700380.0,10413138,KONEX,tradable_ohlcv
2024-10-04,0.0,0.0,0.0,508.0,0.0,0.0,5289874104.0,10413138,KONEX,non_tradable_zero_volume
2024-10-07,584.0,584.0,584.0,584.0,1.0,584.0,6081272592.0,10413138,KONEX,tradable_ohlcv
2024-10-08,497.0,497.0,497.0,497.0,2.0,994.0,5175329586.0,10413138,KONEX,tradable_ohlcv
2024-10-10,570.0,570.0,423.0,423.0,37430.0,17296613.0,4404757374.0,10413138,KONEX,tradable_ohlcv
2024-10-11,422.0,480.0,383.0,383.0,154.0,65007.0,3988231854.0,10413138,KONEX,tradable_ohlcv
2024-10-14,439.0,439.0,439.0,439.0,1.0,439.0,4571367582.0,10413138,KONEX,tradable_ohlcv
2024-10-15,499.0,499.0,386.0,499.0,101.0,40229.0,5196155862.0,10413138,KONEX,tradable_ohlcv
2024-10-16,567.0,567.0,425.0,425.0,31225.0,13270901.0,4425583650.0,10413138,KONEX,tradable_ohlcv
2024-10-17,487.0,487.0,365.0,366.0,3.0,1218.0,3811208508.0,10413138,KONEX,tradable_ohlcv
2024-10-18,420.0,420.0,420.0,420.0,1.0,420.0,4373517960.0,10413138,KONEX,tradable_ohlcv
2024-10-21,483.0,483.0,480.0,480.0,9515.0,4579484.0,4998306240.0,10413138,KONEX,tradable_ohlcv
2024-10-22,480.0,480.0,412.0,412.0,104.0,49852.0,4290212856.0,10413138,KONEX,tradable_ohlcv
2024-10-23,412.0,460.0,391.0,391.0,110.0,45347.0,4071536958.0,10413138,KONEX,tradable_ohlcv
2024-10-24,430.0,449.0,402.0,402.0,1002.0,402879.0,4186081476.0,10413138,KONEX,tradable_ohlcv
2024-10-25,462.0,462.0,405.0,461.0,31102.0,12673123.0,4800456618.0,10413138,KONEX,tradable_ohlcv
2024-10-28,529.0,529.0,529.0,529.0,1.0,529.0,5508550002.0,10413138,KONEX,tradable_ohlcv
2024-10-29,450.0,450.0,450.0,450.0,292.0,131400.0,4685912100.0,10413138,KONEX,tradable_ohlcv
2024-10-30,516.0,516.0,387.0,514.0,110.0,55596.0,5352352932.0,10413138,KONEX,tradable_ohlcv
2024-10-31,560.0,560.0,560.0,560.0,1.0,560.0,5831357280.0,10413138,KONEX,tradable_ohlcv
2024-11-01,0.0,0.0,0.0,476.0,0.0,0.0,4956653688.0,10413138,KONEX,non_tradable_zero_volume
2024-11-04,546.0,546.0,476.0,500.0,1013.0,482282.0,5206569000.0,10413138,KONEX,tradable_ohlcv
2024-11-05,500.0,500.0,425.0,499.0,2076.0,887925.0,5196155862.0,10413138,KONEX,tradable_ohlcv
2024-11-06,569.0,569.0,490.0,490.0,1701.0,843199.0,5102437620.0,10413138,KONEX,tradable_ohlcv
2024-11-07,484.0,484.0,484.0,484.0,33.0,15972.0,5039958792.0,10413138,KONEX,tradable_ohlcv
2024-11-08,556.0,556.0,556.0,556.0,1.0,556.0,5789704728.0,10413138,KONEX,tradable_ohlcv
2024-11-11,473.0,473.0,473.0,473.0,3.0,1419.0,4925414274.0,10413138,KONEX,tradable_ohlcv
2024-11-12,542.0,542.0,542.0,542.0,1.0,542.0,5643920796.0,10413138,KONEX,tradable_ohlcv
2024-11-13,461.0,461.0,461.0,461.0,2.0,922.0,4800456618.0,10413138,KONEX,tradable_ohlcv
2024-11-14,461.0,461.0,461.0,461.0,1.0,461.0,4800456618.0,10413138,KONEX,tradable_ohlcv
2024-11-15,528.0,528.0,528.0,528.0,1.0,528.0,5498136864.0,10413138,KONEX,tradable_ohlcv
2024-11-18,606.0,606.0,606.0,606.0,3.0,1818.0,6310361628.0,10413138,KONEX,tradable_ohlcv
2024-11-19,516.0,516.0,516.0,516.0,612.0,315792.0,5373179208.0,10413138,KONEX,tradable_ohlcv
2024-11-20,591.0,591.0,499.0,500.0,3050.0,1523216.0,5206569000.0,10413138,KONEX,tradable_ohlcv
2024-11-21,425.0,425.0,425.0,425.0,1471.0,625175.0,4425583650.0,10413138,KONEX,tradable_ohlcv
2024-11-22,488.0,488.0,362.0,488.0,13630.0,4991075.0,5081611344.0,10413138,KONEX,tradable_ohlcv
2024-11-25,559.0,559.0,559.0,559.0,1.0,559.0,5820944142.0,10413138,KONEX,tradable_ohlcv
2024-11-26,476.0,476.0,476.0,476.0,1526.0,726376.0,4956653688.0,10413138,KONEX,tradable_ohlcv
2024-11-27,543.0,543.0,405.0,405.0,17165.0,6977194.0,4217320890.0,10413138,KONEX,tradable_ohlcv
2024-11-28,459.0,459.0,458.0,458.0,2.0,917.0,4769217204.0,10413138,KONEX,tradable_ohlcv
2024-11-29,524.0,524.0,390.0,395.0,5744.0,2477455.0,4113189510.0,10413138,KONEX,tradable_ohlcv
2024-12-02,453.0,453.0,453.0,453.0,1.0,453.0,4717151514.0,10413138,KONEX,tradable_ohlcv
2024-12-03,500.0,500.0,500.0,500.0,1.0,500.0,5206569000.0,10413138,KONEX,tradable_ohlcv
2024-12-04,573.0,573.0,573.0,573.0,1.0,573.0,5966728074.0,10413138,KONEX,tradable_ohlcv
2024-12-05,658.0,658.0,488.0,488.0,1021.0,498418.0,5081611344.0,10413138,KONEX,tradable_ohlcv
2024-12-06,508.0,508.0,500.0,500.0,4.0,2008.0,5206569000.0,10413138,KONEX,tradable_ohlcv
2024-12-09,575.0,575.0,575.0,575.0,1.0,575.0,5987554350.0,10413138,KONEX,tradable_ohlcv
2024-12-10,489.0,489.0,489.0,489.0,51.0,24939.0,5092024482.0,10413138,KONEX,tradable_ohlcv
2024-12-11,416.0,449.0,416.0,449.0,16644.0,6924003.0,4675498962.0,10413138,KONEX,tradable_ohlcv
2024-12-12,514.0,514.0,382.0,383.0,53.0,20509.0,3988231854.0,10413138,KONEX,tradable_ohlcv
2024-12-13,384.0,440.0,383.0,439.0,2476.0,950421.0,4571367582.0,10413138,KONEX,tradable_ohlcv
2024-12-16,503.0,503.0,503.0,503.0,1.0,503.0,5237808414.0,10413138,KONEX,tradable_ohlcv
2024-12-17,428.0,428.0,428.0,428.0,149.0,63772.0,4456823064.0,10413138,KONEX,tradable_ohlcv
2024-12-18,492.0,492.0,492.0,492.0,1.0,492.0,5123263896.0,10413138,KONEX,tradable_ohlcv
2024-12-19,560.0,560.0,560.0,560.0,1.0,560.0,5831357280.0,10413138,KONEX,tradable_ohlcv
2024-12-20,476.0,476.0,476.0,476.0,13.0,6188.0,4956653688.0,10413138,KONEX,tradable_ohlcv
2024-12-23,545.0,545.0,537.0,537.0,33.0,17909.0,5591855106.0,10413138,KONEX,tradable_ohlcv
2024-12-24,457.0,457.0,457.0,457.0,1337.0,611009.0,4758804066.0,10413138,KONEX,tradable_ohlcv
2024-12-26,524.0,524.0,389.0,515.0,8436.0,3294470.0,5362766070.0,10413138,KONEX,tradable_ohlcv
2024-12-27,438.0,592.0,438.0,580.0,4143.0,1814930.0,6039620040.0,10413138,KONEX,tradable_ohlcv
2024-12-30,0.0,0.0,0.0,493.0,0.0,0.0,5133677034.0,10413138,KONEX,non_tradable_zero_volume
