d,o,h,l,c,v,a,mc,s,m,rs
2002-01-10,7800.0,7800.0,7800.0,7800.0,52743.0,411395400.0,23400000000.0,3000000,KOSDAQ,tradable_ohlcv
2002-01-11,7500.0,7500.0,6870.0,7060.0,127558.0,922365710.0,21180000000.0,3000000,KOSDAQ,tradable_ohlcv
2002-01-14,7000.0,7060.0,6400.0,6890.0,86590.0,576887740.0,20670000000.0,3000000,KOSDAQ,tradable_ohlcv
2002-01-15,6810.0,6890.0,6360.0,6400.0,68130.0,449648100.0,19200000000.0,3000000,KOSDAQ,tradable_ohlcv
2002-01-16,6400.0,6880.0,6000.0,6630.0,240506.0,1547691190.0,19890000000.0,3000000,KOSDAQ,tradable_ohlcv
2002-01-17,6630.0,6700.0,6200.0,6240.0,64307.0,408543020.0,18720000000.0,3000000,KOSDAQ,tradable_ohlcv
2002-01-18,6300.0,6390.0,5910.0,6090.0,71414.0,437443840.0,18270000000.0,3000000,KOSDAQ,tradable_ohlcv
2002-01-21,5840.0,6390.0,5840.0,6250.0,99800.0,611086530.0,18750000000.0,3000000,KOSDAQ,tradable_ohlcv
2002-01-22,6350.0,6380.0,6000.0,6100.0,78060.0,476249230.0,18300000000.0,3000000,KOSDAQ,tradable_ohlcv
2002-01-23,6200.0,6830.0,6110.0,6830.0,166030.0,1089338530.0,20490000000.0,3000000,KOSDAQ,tradable_ohlcv
2002-01-24,7300.0,7640.0,6550.0,6680.0,269045.0,1932769010.0,20040000000.0,3000000,KOSDAQ,tradable_ohlcv
2002-01-25,6850.0,6940.0,6400.0,6700.0,92252.0,611494040.0,20100000000.0,3000000,KOSDAQ,tradable_ohlcv
2002-01-28,7000.0,7260.0,6670.0,7040.0,143970.0,1006155280.0,21120000000.0,3000000,KOSDAQ,tradable_ohlcv
2002-01-29,7100.0,7300.0,6840.0,7030.0,108356.0,756793900.0,21090000000.0,3000000,KOSDAQ,tradable_ohlcv
2002-01-30,6780.0,6960.0,6700.0,6780.0,71114.0,482266480.0,20340000000.0,3000000,KOSDAQ,tradable_ohlcv
2002-01-31,6950.0,7590.0,6930.0,7590.0,350311.0,2628136820.0,22770000000.0,3000000,KOSDAQ,tradable_ohlcv
2002-02-01,8300.0,8300.0,7450.0,7660.0,354839.0,2782502110.0,22980000000.0,3000000,KOSDAQ,tradable_ohlcv
2002-02-04,7250.0,7500.0,6850.0,6850.0,92510.0,656867220.0,20550000000.0,3000000,KOSDAQ,tradable_ohlcv
2002-02-05,6600.0,6740.0,6300.0,6700.0,56723.0,368658020.0,20100000000.0,3000000,KOSDAQ,tradable_ohlcv
2002-02-06,6500.0,6780.0,6260.0,6260.0,66078.0,426202520.0,18780000000.0,3000000,KOSDAQ,tradable_ohlcv
2002-02-07,6450.0,6460.0,5700.0,5890.0,92557.0,563322010.0,17670000000.0,3000000,KOSDAQ,tradable_ohlcv
2002-02-08,5860.0,6000.0,5710.0,5960.0,65279.0,381543340.0,17880000000.0,3000000,KOSDAQ,tradable_ohlcv
2002-02-14,6020.0,6080.0,5850.0,5900.0,37923.0,225817640.0,17700000000.0,3000000,KOSDAQ,tradable_ohlcv
2002-02-15,5720.0,6570.0,5720.0,6570.0,125650.0,782411790.0,19710000000.0,3000000,KOSDAQ,tradable_ohlcv
2002-02-18,6700.0,6740.0,6290.0,6300.0,130356.0,846420710.0,18900000000.0,3000000,KOSDAQ,tradable_ohlcv
2002-02-19,6300.0,6390.0,6010.0,6160.0,33475.0,206135250.0,18480000000.0,3000000,KOSDAQ,tradable_ohlcv
2002-02-20,6290.0,6330.0,6040.0,6040.0,42736.0,263385770.0,18120000000.0,3000000,KOSDAQ,tradable_ohlcv
2002-02-21,6040.0,6160.0,6020.0,6100.0,40257.0,244906630.0,18300000000.0,3000000,KOSDAQ,tradable_ohlcv
2002-02-22,6130.0,6200.0,6010.0,6150.0,18614.0,113556570.0,18450000000.0,3000000,KOSDAQ,tradable_ohlcv
2002-02-25,6500.0,6500.0,6130.0,6250.0,39789.0,247606340.0,18750000000.0,3000000,KOSDAQ,tradable_ohlcv
2002-02-26,6250.0,6250.0,6040.0,6050.0,27529.0,167405990.0,18150000000.0,3000000,KOSDAQ,tradable_ohlcv
2002-02-27,6050.0,6050.0,5930.0,6040.0,36729.0,219699380.0,18120000000.0,3000000,KOSDAQ,tradable_ohlcv
2002-02-28,6100.0,6110.0,5900.0,6050.0,34933.0,210227820.0,18150000000.0,3000000,KOSDAQ,tradable_ohlcv
2002-03-04,6120.0,6500.0,6030.0,6490.0,96823.0,611291350.0,19470000000.0,3000000,KOSDAQ,tradable_ohlcv
2002-03-05,6550.0,6650.0,6270.0,6350.0,66872.0,431599830.0,19050000000.0,3000000,KOSDAQ,tradable_ohlcv
2002-03-06,6330.0,6430.0,6250.0,6370.0,51548.0,326630670.0,19110000000.0,3000000,KOSDAQ,tradable_ohlcv
2002-03-07,6450.0,6900.0,6400.0,6730.0,168509.0,1125062550.0,20190000000.0,3000000,KOSDAQ,tradable_ohlcv
2002-03-08,6860.0,6950.0,6560.0,6950.0,134214.0,912032970.0,20850000000.0,3000000,KOSDAQ,tradable_ohlcv
2002-03-11,7000.0,7010.0,6790.0,6900.0,119149.0,818065920.0,20700000000.0,3000000,KOSDAQ,tradable_ohlcv
2002-03-12,7000.0,7200.0,6670.0,6880.0,103582.0,714621560.0,20640000000.0,3000000,KOSDAQ,tradable_ohlcv
2002-03-13,6880.0,6880.0,6530.0,6600.0,90606.0,597832420.0,19800000000.0,3000000,KOSDAQ,tradable_ohlcv
2002-03-14,6400.0,6600.0,6400.0,6510.0,65765.0,424351290.0,19530000000.0,3000000,KOSDAQ,tradable_ohlcv
2002-03-15,6500.0,6670.0,6480.0,6620.0,71067.0,467313230.0,19860000000.0,3000000,KOSDAQ,tradable_ohlcv
2002-03-18,6620.0,7410.0,6600.0,7410.0,388634.0,2822022420.0,22230000000.0,3000000,KOSDAQ,tradable_ohlcv
2002-03-19,7300.0,7650.0,7130.0,7440.0,167282.0,1227659910.0,22320000000.0,3000000,KOSDAQ,tradable_ohlcv
2002-03-20,7540.0,7570.0,7210.0,7440.0,122747.0,906777120.0,22320000000.0,3000000,KOSDAQ,tradable_ohlcv
2002-03-21,7400.0,7900.0,7350.0,7700.0,80230.0,612379350.0,23100000000.0,3000000,KOSDAQ,tradable_ohlcv
2002-03-22,7800.0,8620.0,7770.0,8620.0,157968.0,1316267670.0,25860000000.0,3000000,KOSDAQ,tradable_ohlcv
2002-03-25,8800.0,9500.0,8270.0,8600.0,154393.0,1366184400.0,25800000000.0,3000000,KOSDAQ,tradable_ohlcv
2002-03-26,8520.0,9400.0,8280.0,8850.0,106792.0,949693900.0,26550000000.0,3000000,KOSDAQ,tradable_ohlcv
2002-03-27,8850.0,9040.0,8650.0,8730.0,109798.0,973267220.0,26190000000.0,3000000,KOSDAQ,tradable_ohlcv
2002-03-28,8770.0,9030.0,7690.0,7700.0,185661.0,1565223680.0,23100000000.0,3000000,KOSDAQ,tradable_ohlcv
2002-03-29,7790.0,8150.0,7500.0,8000.0,52476.0,406892110.0,24000000000.0,3000000,KOSDAQ,tradable_ohlcv
2002-04-01,8040.0,8940.0,7500.0,7890.0,192633.0,1617006190.0,23670000000.0,3000000,KOSDAQ,tradable_ohlcv
2002-04-02,7550.0,8200.0,7530.0,7550.0,75162.0,576840840.0,22650000000.0,3000000,KOSDAQ,tradable_ohlcv
2002-04-03,7850.0,7850.0,7510.0,7690.0,42186.0,321275310.0,23070000000.0,3000000,KOSDAQ,tradable_ohlcv
2002-04-04,7710.0,8050.0,7630.0,8050.0,43890.0,342672210.0,24150000000.0,3000000,KOSDAQ,tradable_ohlcv
2002-04-08,8120.0,8280.0,7810.0,7820.0,32513.0,260095650.0,23460000000.0,3000000,KOSDAQ,tradable_ohlcv
2002-04-09,7900.0,7900.0,7200.0,7300.0,62251.0,461058810.0,21900000000.0,3000000,KOSDAQ,tradable_ohlcv
2002-04-10,7160.0,7200.0,6700.0,6800.0,36776.0,252574750.0,20400000000.0,3000000,KOSDAQ,tradable_ohlcv
2002-04-11,7000.0,7400.0,6850.0,7400.0,63825.0,461904980.0,22200000000.0,3000000,KOSDAQ,tradable_ohlcv
2002-04-12,7500.0,8150.0,7210.0,7540.0,104037.0,807231780.0,22620000000.0,3000000,KOSDAQ,tradable_ohlcv
2002-04-15,7360.0,7690.0,7200.0,7270.0,25142.0,186321870.0,21810000000.0,3000000,KOSDAQ,tradable_ohlcv
2002-04-16,7270.0,7360.0,7100.0,7270.0,37519.0,269883250.0,21810000000.0,3000000,KOSDAQ,tradable_ohlcv
2002-04-17,7500.0,7550.0,7150.0,7240.0,33021.0,241571300.0,21720000000.0,3000000,KOSDAQ,tradable_ohlcv
2002-04-18,7100.0,7590.0,7100.0,7350.0,63088.0,462669620.0,22050000000.0,3000000,KOSDAQ,tradable_ohlcv
2002-04-19,7400.0,7500.0,7100.0,7100.0,48818.0,355297080.0,21300000000.0,3000000,KOSDAQ,tradable_ohlcv
2002-04-22,6800.0,7290.0,6250.0,6390.0,48722.0,315703430.0,19170000000.0,3000000,KOSDAQ,tradable_ohlcv
2002-04-23,6400.0,6450.0,6110.0,6390.0,14326.0,90151010.0,19170000000.0,3000000,KOSDAQ,tradable_ohlcv
2002-04-24,6100.0,6590.0,6000.0,6100.0,24238.0,147694860.0,18300000000.0,3000000,KOSDAQ,tradable_ohlcv
2002-04-25,6000.0,6160.0,5860.0,5950.0,20158.0,119862840.0,17850000000.0,3000000,KOSDAQ,tradable_ohlcv
2002-04-26,6100.0,6500.0,5970.0,6070.0,79572.0,493288790.0,18210000000.0,3000000,KOSDAQ,tradable_ohlcv
2002-04-29,5970.0,6040.0,5700.0,5800.0,24433.0,144426780.0,17400000000.0,3000000,KOSDAQ,tradable_ohlcv
2002-04-30,5990.0,5990.0,5430.0,5430.0,34190.0,191913340.0,16290000000.0,3000000,KOSDAQ,tradable_ohlcv
2002-05-02,5450.0,5800.0,5450.0,5550.0,19275.0,107440920.0,16650000000.0,3000000,KOSDAQ,tradable_ohlcv
2002-05-03,5690.0,6210.0,5650.0,5940.0,105569.0,633659710.0,17820000000.0,3000000,KOSDAQ,tradable_ohlcv
2002-05-06,5760.0,6130.0,5740.0,5750.0,14134.0,83348660.0,17250000000.0,3000000,KOSDAQ,tradable_ohlcv
2002-05-07,5700.0,5910.0,5620.0,5900.0,10976.0,63672670.0,17700000000.0,3000000,KOSDAQ,tradable_ohlcv
2002-05-08,6000.0,6050.0,5800.0,5840.0,23287.0,137661660.0,17520000000.0,3000000,KOSDAQ,tradable_ohlcv
2002-05-09,6100.0,6250.0,5700.0,5950.0,29113.0,173565750.0,17850000000.0,3000000,KOSDAQ,tradable_ohlcv
2002-05-10,5750.0,5980.0,5510.0,5510.0,16627.0,94842120.0,16530000000.0,3000000,KOSDAQ,tradable_ohlcv
2002-05-13,5600.0,5890.0,5600.0,5710.0,13745.0,79225430.0,17130000000.0,3000000,KOSDAQ,tradable_ohlcv
2002-05-14,5750.0,5970.0,5660.0,5660.0,25582.0,148826640.0,16980000000.0,3000000,KOSDAQ,tradable_ohlcv
2002-05-15,5680.0,5980.0,5680.0,5900.0,26233.0,154234810.0,17700000000.0,3000000,KOSDAQ,tradable_ohlcv
2002-05-16,6100.0,6600.0,5950.0,6600.0,176647.0,1133844430.0,19800000000.0,3000000,KOSDAQ,tradable_ohlcv
2002-05-17,7000.0,7390.0,6620.0,6750.0,237803.0,1620903450.0,20250000000.0,3000000,KOSDAQ,tradable_ohlcv
2002-05-20,6750.0,6900.0,6400.0,6500.0,123028.0,814874260.0,19500000000.0,3000000,KOSDAQ,tradable_ohlcv
2002-05-21,6310.0,6310.0,6070.0,6100.0,52842.0,325919720.0,18300000000.0,3000000,KOSDAQ,tradable_ohlcv
2002-05-22,5910.0,6100.0,5770.0,6000.0,51153.0,305309690.0,18000000000.0,3000000,KOSDAQ,tradable_ohlcv
2002-05-23,6000.0,6140.0,5800.0,5850.0,34228.0,201411700.0,17550000000.0,3000000,KOSDAQ,tradable_ohlcv
2002-05-24,6030.0,6030.0,5800.0,5980.0,26340.0,156282900.0,17940000000.0,3000000,KOSDAQ,tradable_ohlcv
2002-05-27,5870.0,5890.0,5270.0,5270.0,86652.0,483333020.0,15810000000.0,3000000,KOSDAQ,tradable_ohlcv
2002-05-28,5500.0,5590.0,4640.0,4640.0,76128.0,395003410.0,13920000000.0,3000000,KOSDAQ,tradable_ohlcv
2002-05-29,5000.0,5190.0,4900.0,5000.0,40813.0,204402510.0,15000000000.0,3000000,KOSDAQ,tradable_ohlcv
2002-05-30,5000.0,5230.0,4920.0,5050.0,19411.0,97802890.0,15150000000.0,3000000,KOSDAQ,tradable_ohlcv
2002-05-31,4800.0,5080.0,4780.0,4780.0,16102.0,78804030.0,14340000000.0,3000000,KOSDAQ,tradable_ohlcv
2002-06-03,4700.0,5200.0,4700.0,4800.0,41925.0,204348130.0,14400000000.0,3000000,KOSDAQ,tradable_ohlcv
2002-06-04,4700.0,4980.0,4700.0,4820.0,7317.0,35491750.0,14460000000.0,3000000,KOSDAQ,tradable_ohlcv
2002-06-05,5010.0,5100.0,4800.0,5000.0,12392.0,61682640.0,15000000000.0,3000000,KOSDAQ,tradable_ohlcv
2002-06-07,5180.0,5180.0,4830.0,5050.0,11035.0,54953900.0,15150000000.0,3000000,KOSDAQ,tradable_ohlcv
2002-06-10,4950.0,5230.0,4920.0,5100.0,5941.0,29919940.0,15300000000.0,3000000,KOSDAQ,tradable_ohlcv
2002-06-11,5050.0,5100.0,4880.0,5040.0,9547.0,47804890.0,15120000000.0,3000000,KOSDAQ,tradable_ohlcv
2002-06-12,4950.0,5100.0,4810.0,5050.0,13811.0,68518200.0,15150000000.0,3000000,KOSDAQ,tradable_ohlcv
2002-06-14,4980.0,5100.0,4950.0,5100.0,15813.0,79187430.0,15300000000.0,3000000,KOSDAQ,tradable_ohlcv
2002-06-17,5140.0,5140.0,4910.0,5040.0,2505.0,12522360.0,15120000000.0,3000000,KOSDAQ,tradable_ohlcv
2002-06-18,5060.0,5060.0,4920.0,5000.0,5359.0,26728320.0,15000000000.0,3000000,KOSDAQ,tradable_ohlcv
2002-06-19,4910.0,5080.0,4410.0,4700.0,15791.0,73751220.0,14100000000.0,3000000,KOSDAQ,tradable_ohlcv
2002-06-20,4630.0,4930.0,4400.0,4900.0,4505.0,21028480.0,14700000000.0,3000000,KOSDAQ,tradable_ohlcv
2002-06-21,4900.0,4970.0,4500.0,4800.0,5023.0,24120910.0,14400000000.0,3000000,KOSDAQ,tradable_ohlcv
2002-06-24,4900.0,4950.0,4300.0,4780.0,12667.0,57872420.0,14340000000.0,3000000,KOSDAQ,tradable_ohlcv
2002-06-25,4850.0,4850.0,4210.0,4290.0,45174.0,194412060.0,12870000000.0,3000000,KOSDAQ,tradable_ohlcv
2002-06-26,4000.0,4330.0,3780.0,3780.0,26147.0,99273620.0,11340000000.0,3000000,KOSDAQ,tradable_ohlcv
2002-06-27,3510.0,3910.0,3420.0,3790.0,33063.0,119170180.0,11370000000.0,3000000,KOSDAQ,tradable_ohlcv
2002-06-28,3430.0,3920.0,3430.0,3850.0,35823.0,136454900.0,11550000000.0,3000000,KOSDAQ,tradable_ohlcv
2002-07-02,3800.0,3990.0,3730.0,3850.0,15085.0,58004540.0,11550000000.0,3000000,KOSDAQ,tradable_ohlcv
2002-07-03,4100.0,4100.0,3550.0,3760.0,17143.0,65362590.0,11280000000.0,3000000,KOSDAQ,tradable_ohlcv
2002-07-04,3860.0,3990.0,3780.0,3870.0,31000.0,119845840.0,11610000000.0,3000000,KOSDAQ,tradable_ohlcv
2002-07-05,3830.0,4080.0,3830.0,4070.0,25467.0,101962000.0,12210000000.0,3000000,KOSDAQ,tradable_ohlcv
2002-07-08,4110.0,4290.0,3960.0,4090.0,21938.0,90249980.0,12270000000.0,3000000,KOSDAQ,tradable_ohlcv
2002-07-09,3920.0,4250.0,3920.0,4250.0,15602.0,63779850.0,12750000000.0,3000000,KOSDAQ,tradable_ohlcv
2002-07-10,4100.0,4200.0,4010.0,4190.0,13341.0,54787530.0,12570000000.0,3000000,KOSDAQ,tradable_ohlcv
2002-07-11,4030.0,4130.0,3950.0,4090.0,15472.0,62222620.0,12270000000.0,3000000,KOSDAQ,tradable_ohlcv
2002-07-12,4110.0,4140.0,3960.0,4110.0,11731.0,47753010.0,12330000000.0,3000000,KOSDAQ,tradable_ohlcv
2002-07-15,4060.0,4100.0,3920.0,4090.0,6242.0,25193140.0,12270000000.0,3000000,KOSDAQ,tradable_ohlcv
2002-07-16,3840.0,4080.0,3840.0,3990.0,4630.0,18379630.0,11970000000.0,3000000,KOSDAQ,tradable_ohlcv
2002-07-18,3980.0,4030.0,3850.0,3950.0,4404.0,17254090.0,11850000000.0,3000000,KOSDAQ,tradable_ohlcv
2002-07-19,3810.0,4080.0,3740.0,3780.0,17550.0,68284810.0,11340000000.0,3000000,KOSDAQ,tradable_ohlcv
2002-07-22,3680.0,3700.0,3450.0,3500.0,13439.0,47179380.0,10500000000.0,3000000,KOSDAQ,tradable_ohlcv
2002-07-23,3440.0,3710.0,3440.0,3660.0,15321.0,54909600.0,10980000000.0,3000000,KOSDAQ,tradable_ohlcv
2002-07-24,3700.0,3800.0,3470.0,3600.0,4071.0,14578090.0,10800000000.0,3000000,KOSDAQ,tradable_ohlcv
2002-07-25,3690.0,3990.0,3600.0,3600.0,9522.0,35038610.0,10800000000.0,3000000,KOSDAQ,tradable_ohlcv
2002-07-26,3680.0,3770.0,3490.0,3580.0,5515.0,19842250.0,10740000000.0,3000000,KOSDAQ,tradable_ohlcv
2002-07-29,3610.0,3690.0,3400.0,3530.0,7537.0,26669860.0,10590000000.0,3000000,KOSDAQ,tradable_ohlcv
2002-07-30,3410.0,3750.0,3410.0,3680.0,8483.0,30495910.0,11040000000.0,3000000,KOSDAQ,tradable_ohlcv
2002-07-31,3740.0,3740.0,3550.0,3660.0,3684.0,13171030.0,10980000000.0,3000000,KOSDAQ,tradable_ohlcv
2002-08-01,3700.0,3700.0,3480.0,3630.0,1707.0,6132910.0,10890000000.0,3000000,KOSDAQ,tradable_ohlcv
2002-08-02,3520.0,3600.0,3420.0,3600.0,708.0,2485120.0,10800000000.0,3000000,KOSDAQ,tradable_ohlcv
2002-08-05,3590.0,3650.0,3300.0,3640.0,5269.0,18584930.0,10920000000.0,3000000,KOSDAQ,tradable_ohlcv
2002-08-06,3550.0,3600.0,3330.0,3340.0,515.0,1737540.0,10020000000.0,3000000,KOSDAQ,tradable_ohlcv
2002-08-07,3590.0,3650.0,3370.0,3370.0,3574.0,12185560.0,10110000000.0,3000000,KOSDAQ,tradable_ohlcv
2002-08-08,3570.0,3570.0,3350.0,3440.0,4803.0,16453140.0,10320000000.0,3000000,KOSDAQ,tradable_ohlcv
2002-08-09,3580.0,3580.0,3280.0,3430.0,3743.0,12950840.0,10290000000.0,3000000,KOSDAQ,tradable_ohlcv
2002-08-12,3400.0,3610.0,3360.0,3430.0,4248.0,14452230.0,10290000000.0,3000000,KOSDAQ,tradable_ohlcv
2002-08-13,3500.0,3560.0,3430.0,3500.0,4784.0,16657450.0,10500000000.0,3000000,KOSDAQ,tradable_ohlcv
2002-08-14,3350.0,3600.0,3350.0,3410.0,4814.0,16347240.0,10230000000.0,3000000,KOSDAQ,tradable_ohlcv
2002-08-16,3500.0,3690.0,3450.0,3690.0,17867.0,63221050.0,11070000000.0,3000000,KOSDAQ,tradable_ohlcv
2002-08-19,4130.0,4130.0,4080.0,4130.0,36435.0,150401170.0,12390000000.0,3000000,KOSDAQ,tradable_ohlcv
2002-08-20,4620.0,4620.0,3920.0,4300.0,108884.0,471053050.0,12900000000.0,3000000,KOSDAQ,tradable_ohlcv
2002-08-21,3910.0,4290.0,3910.0,4050.0,24641.0,98885630.0,12150000000.0,3000000,KOSDAQ,tradable_ohlcv
2002-08-22,4100.0,4100.0,3950.0,4070.0,21633.0,87220380.0,12210000000.0,3000000,KOSDAQ,tradable_ohlcv
2002-08-23,4050.0,4050.0,3700.0,3760.0,30603.0,116784060.0,11280000000.0,3000000,KOSDAQ,tradable_ohlcv
2002-08-26,3800.0,3820.0,3670.0,3760.0,16418.0,61287760.0,11280000000.0,3000000,KOSDAQ,tradable_ohlcv
2002-08-27,3750.0,3900.0,3600.0,3800.0,34164.0,129105830.0,11400000000.0,3000000,KOSDAQ,tradable_ohlcv
2002-08-28,3750.0,3880.0,3720.0,3860.0,26406.0,100719190.0,11580000000.0,3000000,KOSDAQ,tradable_ohlcv
2002-08-29,3870.0,4320.0,3870.0,4000.0,175187.0,736069270.0,12000000000.0,3000000,KOSDAQ,tradable_ohlcv
2002-08-30,3950.0,4050.0,3750.0,3890.0,37078.0,142713200.0,11670000000.0,3000000,KOSDAQ,tradable_ohlcv
2002-09-02,3760.0,3870.0,3670.0,3700.0,46927.0,175772260.0,11100000000.0,3000000,KOSDAQ,tradable_ohlcv
2002-09-03,3600.0,3800.0,3600.0,3740.0,12360.0,45914100.0,11220000000.0,3000000,KOSDAQ,tradable_ohlcv
2002-09-04,3610.0,3760.0,3600.0,3650.0,13008.0,48100680.0,10950000000.0,3000000,KOSDAQ,tradable_ohlcv
2002-09-05,3580.0,3790.0,3580.0,3790.0,15939.0,58439430.0,11370000000.0,3000000,KOSDAQ,tradable_ohlcv
2002-09-06,4190.0,4190.0,3620.0,3750.0,5937.0,22811870.0,11250000000.0,3000000,KOSDAQ,tradable_ohlcv
2002-09-09,3910.0,3980.0,3550.0,3690.0,13482.0,50184740.0,11070000000.0,3000000,KOSDAQ,tradable_ohlcv
2002-09-10,3700.0,3800.0,3610.0,3700.0,14252.0,52364540.0,11100000000.0,3000000,KOSDAQ,tradable_ohlcv
2002-09-11,3790.0,4070.0,3590.0,4000.0,38836.0,148379210.0,12000000000.0,3000000,KOSDAQ,tradable_ohlcv
2002-09-12,4070.0,4130.0,3800.0,3800.0,55665.0,222592450.0,11400000000.0,3000000,KOSDAQ,tradable_ohlcv
2002-09-13,3850.0,3880.0,3670.0,3830.0,14837.0,55877600.0,11490000000.0,3000000,KOSDAQ,tradable_ohlcv
2002-09-16,3830.0,3930.0,3580.0,3600.0,19269.0,71226870.0,10800000000.0,3000000,KOSDAQ,tradable_ohlcv
2002-09-17,3500.0,3710.0,3500.0,3600.0,13288.0,48092130.0,10800000000.0,3000000,KOSDAQ,tradable_ohlcv
2002-09-18,3510.0,3600.0,3500.0,3600.0,12128.0,42960660.0,10800000000.0,3000000,KOSDAQ,tradable_ohlcv
2002-09-19,3410.0,3600.0,3410.0,3550.0,6543.0,22962340.0,10650000000.0,3000000,KOSDAQ,tradable_ohlcv
2002-09-23,3470.0,3550.0,3370.0,3470.0,5183.0,17834030.0,10410000000.0,3000000,KOSDAQ,tradable_ohlcv
2002-09-24,3400.0,3590.0,3390.0,3460.0,11781.0,40572690.0,10380000000.0,3000000,KOSDAQ,tradable_ohlcv
2002-09-25,3400.0,3600.0,3310.0,3470.0,5267.0,18037000.0,10410000000.0,3000000,KOSDAQ,tradable_ohlcv
2002-09-26,3570.0,3570.0,3400.0,3400.0,6025.0,20583640.0,10200000000.0,3000000,KOSDAQ,tradable_ohlcv
2002-09-27,3500.0,3550.0,3290.0,3380.0,6866.0,23149510.0,10140000000.0,3000000,KOSDAQ,tradable_ohlcv
2002-09-30,3450.0,3450.0,3130.0,3220.0,6308.0,20221670.0,9660000000.0,3000000,KOSDAQ,tradable_ohlcv
2002-10-01,3040.0,3390.0,3040.0,3110.0,6256.0,19759510.0,9330000000.0,3000000,KOSDAQ,tradable_ohlcv
2002-10-02,3280.0,3280.0,3060.0,3110.0,3873.0,12070410.0,9330000000.0,3000000,KOSDAQ,tradable_ohlcv
2002-10-04,3100.0,3200.0,3000.0,3120.0,5830.0,17772450.0,9360000000.0,3000000,KOSDAQ,tradable_ohlcv
2002-10-07,3010.0,3190.0,2970.0,3080.0,818.0,2458930.0,9240000000.0,3000000,KOSDAQ,tradable_ohlcv
2002-10-08,3080.0,3080.0,2880.0,3040.0,5157.0,15332730.0,9120000000.0,3000000,KOSDAQ,tradable_ohlcv
2002-10-09,3050.0,3100.0,2930.0,3050.0,424.0,1275930.0,9150000000.0,3000000,KOSDAQ,tradable_ohlcv
2002-10-10,3000.0,3000.0,2850.0,2900.0,4478.0,12971960.0,8700000000.0,3000000,KOSDAQ,tradable_ohlcv
2002-10-11,2910.0,3050.0,2700.0,2780.0,19809.0,55377410.0,8340000000.0,3000000,KOSDAQ,tradable_ohlcv
2002-10-14,2730.0,2800.0,2700.0,2760.0,15734.0,43254690.0,8280000000.0,3000000,KOSDAQ,tradable_ohlcv
2002-10-15,2840.0,2840.0,2700.0,2730.0,62776.0,172533330.0,8190000000.0,3000000,KOSDAQ,tradable_ohlcv
2002-10-16,2870.0,2870.0,2700.0,2750.0,29845.0,82808330.0,8250000000.0,3000000,KOSDAQ,tradable_ohlcv
2002-10-17,2750.0,2830.0,2710.0,2780.0,34214.0,94573540.0,8340000000.0,3000000,KOSDAQ,tradable_ohlcv
2002-10-18,2830.0,3110.0,2810.0,2880.0,196854.0,582619370.0,8640000000.0,3000000,KOSDAQ,tradable_ohlcv
2002-10-21,2950.0,2960.0,2820.0,2850.0,81823.0,234608330.0,8550000000.0,3000000,KOSDAQ,tradable_ohlcv
2002-10-22,2940.0,2940.0,2740.0,2780.0,127281.0,359839920.0,8340000000.0,3000000,KOSDAQ,tradable_ohlcv
2002-10-23,2840.0,2890.0,2790.0,2890.0,83461.0,236115770.0,8670000000.0,3000000,KOSDAQ,tradable_ohlcv
2002-10-24,2930.0,2960.0,2820.0,2850.0,71523.0,205267410.0,8550000000.0,3000000,KOSDAQ,tradable_ohlcv
2002-10-25,2850.0,2850.0,2770.0,2830.0,44869.0,126433090.0,8490000000.0,3000000,KOSDAQ,tradable_ohlcv
2002-10-28,2800.0,2930.0,2760.0,2800.0,192798.0,548001910.0,8400000000.0,3000000,KOSDAQ,tradable_ohlcv
2002-10-29,2800.0,2830.0,2760.0,2800.0,60796.0,169512070.0,8400000000.0,3000000,KOSDAQ,tradable_ohlcv
2002-10-30,2830.0,2830.0,2650.0,2700.0,83356.0,225969140.0,8100000000.0,3000000,KOSDAQ,tradable_ohlcv
2002-10-31,2760.0,2770.0,2700.0,2770.0,60994.0,166542630.0,8310000000.0,3000000,KOSDAQ,tradable_ohlcv
2002-11-01,2720.0,2760.0,2650.0,2720.0,33634.0,90844560.0,8160000000.0,3000000,KOSDAQ,tradable_ohlcv
2002-11-04,2670.0,2740.0,2650.0,2680.0,39797.0,106392290.0,8040000000.0,3000000,KOSDAQ,tradable_ohlcv
2002-11-05,2700.0,2700.0,2520.0,2600.0,42817.0,111191920.0,7800000000.0,3000000,KOSDAQ,tradable_ohlcv
2002-11-06,2620.0,2700.0,2520.0,2540.0,98504.0,255557790.0,7620000000.0,3000000,KOSDAQ,tradable_ohlcv
2002-11-07,2520.0,2580.0,2500.0,2500.0,61239.0,154892130.0,7500000000.0,3000000,KOSDAQ,tradable_ohlcv
2002-11-08,2490.0,2530.0,2460.0,2520.0,38864.0,97175410.0,7560000000.0,3000000,KOSDAQ,tradable_ohlcv
2002-11-11,2520.0,2560.0,2480.0,2500.0,34856.0,86866200.0,7500000000.0,3000000,KOSDAQ,tradable_ohlcv
2002-11-12,2550.0,2550.0,2440.0,2500.0,24929.0,62006260.0,7500000000.0,3000000,KOSDAQ,tradable_ohlcv
2002-11-13,2460.0,2510.0,2320.0,2330.0,84156.0,202384780.0,6990000000.0,3000000,KOSDAQ,tradable_ohlcv
2002-11-14,2340.0,2370.0,2250.0,2330.0,46645.0,107174780.0,6990000000.0,3000000,KOSDAQ,tradable_ohlcv
2002-11-15,2340.0,2380.0,2290.0,2360.0,58686.0,136970600.0,7080000000.0,3000000,KOSDAQ,tradable_ohlcv
2002-11-18,2330.0,2450.0,2320.0,2350.0,32924.0,77575400.0,7050000000.0,3000000,KOSDAQ,tradable_ohlcv
2002-11-19,2360.0,2370.0,2290.0,2310.0,40538.0,94362130.0,6930000000.0,3000000,KOSDAQ,tradable_ohlcv
2002-11-20,2260.0,2360.0,2260.0,2300.0,40654.0,93301710.0,6900000000.0,3000000,KOSDAQ,tradable_ohlcv
2002-11-21,2340.0,2460.0,2310.0,2370.0,71790.0,171978570.0,7110000000.0,3000000,KOSDAQ,tradable_ohlcv
2002-11-22,2500.0,2500.0,2370.0,2370.0,84837.0,203968140.0,7110000000.0,3000000,KOSDAQ,tradable_ohlcv
2002-11-25,2380.0,2470.0,2370.0,2450.0,62757.0,151173430.0,7350000000.0,3000000,KOSDAQ,tradable_ohlcv
2002-11-26,2420.0,2480.0,2420.0,2450.0,38408.0,94070410.0,7350000000.0,3000000,KOSDAQ,tradable_ohlcv
2002-11-27,2430.0,2570.0,2400.0,2450.0,144248.0,357981430.0,7350000000.0,3000000,KOSDAQ,tradable_ohlcv
2002-11-28,2530.0,2710.0,2510.0,2650.0,240885.0,626125190.0,7950000000.0,3000000,KOSDAQ,tradable_ohlcv
2002-11-29,2670.0,2830.0,2590.0,2780.0,111559.0,299849400.0,8340000000.0,3000000,KOSDAQ,tradable_ohlcv
2002-12-02,2750.0,2870.0,2700.0,2870.0,56778.0,159611670.0,8610000000.0,3000000,KOSDAQ,tradable_ohlcv
2002-12-03,2830.0,3100.0,2770.0,2800.0,203286.0,595436450.0,8400000000.0,3000000,KOSDAQ,tradable_ohlcv
2002-12-04,2780.0,2780.0,2620.0,2690.0,75884.0,204933780.0,8070000000.0,3000000,KOSDAQ,tradable_ohlcv
2002-12-05,2690.0,2780.0,2650.0,2720.0,46144.0,125039840.0,8160000000.0,3000000,KOSDAQ,tradable_ohlcv
2002-12-06,2640.0,2820.0,2640.0,2800.0,100857.0,278229730.0,8400000000.0,3000000,KOSDAQ,tradable_ohlcv
2002-12-09,2800.0,2950.0,2800.0,2840.0,56339.0,162868040.0,8520000000.0,3000000,KOSDAQ,tradable_ohlcv
2002-12-10,2720.0,2880.0,2720.0,2870.0,20679.0,58532290.0,8610000000.0,3000000,KOSDAQ,tradable_ohlcv
2002-12-11,2910.0,2950.0,2790.0,2860.0,36544.0,103342810.0,8580000000.0,3000000,KOSDAQ,tradable_ohlcv
2002-12-12,2880.0,2880.0,2780.0,2830.0,19464.0,55193180.0,8490000000.0,3000000,KOSDAQ,tradable_ohlcv
2002-12-13,2790.0,3160.0,2710.0,3160.0,224079.0,690450370.0,9480000000.0,3000000,KOSDAQ,tradable_ohlcv
2002-12-16,3290.0,3500.0,3180.0,3450.0,261681.0,873642970.0,10350000000.0,3000000,KOSDAQ,tradable_ohlcv
2002-12-17,3500.0,3510.0,3260.0,3360.0,130098.0,440923600.0,10080000000.0,3000000,KOSDAQ,tradable_ohlcv
2002-12-18,3300.0,3700.0,3300.0,3680.0,124389.0,438070980.0,11040000000.0,3000000,KOSDAQ,tradable_ohlcv
2002-12-20,3710.0,3750.0,3320.0,3520.0,107085.0,376634580.0,10560000000.0,3000000,KOSDAQ,tradable_ohlcv
2002-12-23,3550.0,3550.0,3100.0,3100.0,114615.0,374237720.0,9300000000.0,3000000,KOSDAQ,tradable_ohlcv
2002-12-24,2810.0,3100.0,2810.0,2840.0,54683.0,156284450.0,8520000000.0,3000000,KOSDAQ,tradable_ohlcv
2002-12-26,2750.0,2910.0,2750.0,2760.0,41678.0,116852680.0,8280000000.0,3000000,KOSDAQ,tradable_ohlcv
2002-12-27,2260.0,2520.0,2260.0,2510.0,35378.0,83089520.0,7530000000.0,3000000,KOSDAQ,tradable_ohlcv
2002-12-30,2260.0,2490.0,2210.0,2330.0,42142.0,95033150.0,6990000000.0,3000000,KOSDAQ,tradable_ohlcv
