d,o,h,l,c,v,a,mc,s,m,rs
2018-01-02,223000.0,223000.0,221000.0,223000.0,23.0,5095500.0,37165626000.0,166662,KOSPI,tradable_ohlcv
2018-01-03,223000.0,223000.0,221500.0,222500.0,14.0,3106500.0,37082295000.0,166662,KOSPI,tradable_ohlcv
2018-01-04,223500.0,223500.0,222500.0,222500.0,17.0,3790500.0,37082295000.0,166662,KOSPI,tradable_ohlcv
2018-01-05,221000.0,224500.0,221000.0,223500.0,51.0,11368000.0,37248957000.0,166662,KOSPI,tradable_ohlcv
2018-01-08,223500.0,224000.0,222500.0,224000.0,22.0,4921500.0,37332288000.0,166662,KOSPI,tradable_ohlcv
2018-01-09,218000.0,221500.0,215000.0,221500.0,199.0,43284500.0,36915633000.0,166662,KOSPI,tradable_ohlcv
2018-01-10,220000.0,221000.0,218500.0,219000.0,28.0,6137000.0,36498978000.0,166662,KOSPI,tradable_ohlcv
2018-01-11,220000.0,221000.0,220000.0,221000.0,9.0,1987000.0,36832302000.0,166662,KOSPI,tradable_ohlcv
2018-01-12,219500.0,222000.0,219500.0,221000.0,17.0,3754000.0,36832302000.0,166662,KOSPI,tradable_ohlcv
2018-01-15,220500.0,222000.0,219000.0,222000.0,133.0,29190000.0,36998964000.0,166662,KOSPI,tradable_ohlcv
2018-01-16,222000.0,222000.0,222000.0,222000.0,287.0,63714000.0,36998964000.0,166662,KOSPI,tradable_ohlcv
2018-01-17,222000.0,222000.0,222000.0,222000.0,4.0,888000.0,36998964000.0,166662,KOSPI,tradable_ohlcv
2018-01-18,222500.0,222500.0,220000.0,222500.0,9.0,1997500.0,37082295000.0,166662,KOSPI,tradable_ohlcv
2018-01-19,221000.0,222500.0,215000.0,222500.0,180.0,39091500.0,37082295000.0,166662,KOSPI,tradable_ohlcv
2018-01-22,222000.0,222000.0,217000.0,221000.0,15732.0,3492438000.0,36832302000.0,166662,KOSPI,tradable_ohlcv
2018-01-23,221000.0,221500.0,219500.0,221000.0,51.0,11232000.0,36832302000.0,166662,KOSPI,tradable_ohlcv
2018-01-24,222500.0,222500.0,218000.0,219500.0,23.0,5055000.0,36582309000.0,166662,KOSPI,tradable_ohlcv
2018-01-25,218000.0,219500.0,217500.0,219000.0,59.0,12864000.0,36498978000.0,166662,KOSPI,tradable_ohlcv
2018-01-26,220000.0,222500.0,220000.0,221000.0,114.0,25289000.0,36832302000.0,166662,KOSPI,tradable_ohlcv
2018-01-29,219500.0,222500.0,219500.0,220500.0,99.0,21762000.0,36748971000.0,166662,KOSPI,tradable_ohlcv
2018-01-30,220500.0,220500.0,220500.0,220500.0,16.0,3528000.0,36748971000.0,166662,KOSPI,tradable_ohlcv
2018-01-31,220500.0,220500.0,220000.0,220500.0,14.0,3085500.0,36748971000.0,166662,KOSPI,tradable_ohlcv
2018-02-01,220500.0,223500.0,219500.0,223000.0,115.0,25560000.0,37165626000.0,166662,KOSPI,tradable_ohlcv
2018-02-02,221000.0,225000.0,220000.0,223500.0,121.0,27001500.0,37248957000.0,166662,KOSPI,tradable_ohlcv
2018-02-05,220500.0,225000.0,220000.0,224500.0,143.0,31826500.0,37415619000.0,166662,KOSPI,tradable_ohlcv
2018-02-06,220000.0,220000.0,216000.0,219500.0,244.0,53234000.0,36582309000.0,166662,KOSPI,tradable_ohlcv
2018-02-07,219000.0,219000.0,217500.0,217500.0,50.0,10911000.0,36248985000.0,166662,KOSPI,tradable_ohlcv
2018-02-08,216500.0,220000.0,215000.0,220000.0,56.0,12115000.0,36665640000.0,166662,KOSPI,tradable_ohlcv
2018-02-09,218500.0,222000.0,218500.0,222000.0,87.0,19251000.0,36998964000.0,166662,KOSPI,tradable_ohlcv
2018-02-12,0.0,0.0,0.0,222000.0,0.0,0.0,36998964000.0,166662,KOSPI,non_tradable_zero_volume
2018-02-13,222000.0,222000.0,220500.0,220500.0,4.0,885000.0,36748971000.0,166662,KOSPI,tradable_ohlcv
2018-02-14,217000.0,217000.0,216000.0,216000.0,34.0,7350000.0,35998992000.0,166662,KOSPI,tradable_ohlcv
2018-02-19,218000.0,218500.0,214000.0,215500.0,201.0,43230000.0,35915661000.0,166662,KOSPI,tradable_ohlcv
2018-02-20,217000.0,217000.0,216500.0,217000.0,53.0,11497000.0,36165654000.0,166662,KOSPI,tradable_ohlcv
2018-02-21,217500.0,218000.0,217500.0,217500.0,7.0,1524000.0,36248985000.0,166662,KOSPI,tradable_ohlcv
2018-02-22,217500.0,218000.0,216000.0,216000.0,18.0,3905500.0,35998992000.0,166662,KOSPI,tradable_ohlcv
2018-02-23,216000.0,216500.0,214500.0,216500.0,13.0,2804500.0,36082323000.0,166662,KOSPI,tradable_ohlcv
2018-02-26,216500.0,216500.0,214000.0,216500.0,11.0,2364000.0,36082323000.0,166662,KOSPI,tradable_ohlcv
2018-02-27,216500.0,217500.0,216500.0,216500.0,108.0,23387500.0,36082323000.0,166662,KOSPI,tradable_ohlcv
2018-02-28,216000.0,217500.0,216000.0,217500.0,2.0,433500.0,36248985000.0,166662,KOSPI,tradable_ohlcv
2018-03-02,213500.0,216500.0,213500.0,216500.0,3.0,643500.0,36082323000.0,166662,KOSPI,tradable_ohlcv
2018-03-05,216000.0,216000.0,216000.0,216000.0,5.0,1080000.0,35998992000.0,166662,KOSPI,tradable_ohlcv
2018-03-06,216000.0,216000.0,214500.0,214500.0,3.0,645000.0,35748999000.0,166662,KOSPI,tradable_ohlcv
2018-03-07,214500.0,215500.0,213500.0,215500.0,18.0,3861000.0,35915661000.0,166662,KOSPI,tradable_ohlcv
2018-03-08,0.0,0.0,0.0,215500.0,0.0,0.0,35915661000.0,166662,KOSPI,non_tradable_zero_volume
2018-03-09,210500.0,216000.0,210500.0,216000.0,100.0,21511000.0,35998992000.0,166662,KOSPI,tradable_ohlcv
2018-03-12,215000.0,215000.0,214500.0,214500.0,26.0,5583000.0,35748999000.0,166662,KOSPI,tradable_ohlcv
2018-03-13,218000.0,218000.0,214000.0,214000.0,16.0,3449500.0,35665668000.0,166662,KOSPI,tradable_ohlcv
2018-03-14,214000.0,214000.0,214000.0,214000.0,20.0,4280000.0,35665668000.0,166662,KOSPI,tradable_ohlcv
2018-03-15,213000.0,215000.0,213000.0,215000.0,17.0,3623000.0,35832330000.0,166662,KOSPI,tradable_ohlcv
2018-03-16,0.0,0.0,0.0,215000.0,0.0,0.0,35832330000.0,166662,KOSPI,non_tradable_zero_volume
2018-03-19,216000.0,216000.0,216000.0,216000.0,20.0,4320000.0,35998992000.0,166662,KOSPI,tradable_ohlcv
2018-03-20,216000.0,216000.0,215500.0,215500.0,10.0,2159000.0,35915661000.0,166662,KOSPI,tradable_ohlcv
2018-03-21,0.0,0.0,0.0,215500.0,0.0,0.0,35915661000.0,166662,KOSPI,non_tradable_zero_volume
2018-03-22,216000.0,216000.0,214500.0,216000.0,11.0,2366000.0,35998992000.0,166662,KOSPI,tradable_ohlcv
2018-03-23,215500.0,215500.0,214500.0,214500.0,12.0,2580000.0,35748999000.0,166662,KOSPI,tradable_ohlcv
2018-03-26,212500.0,214500.0,212500.0,214500.0,6.0,1277000.0,35748999000.0,166662,KOSPI,tradable_ohlcv
2018-03-27,214500.0,214500.0,212000.0,214500.0,13.0,2783000.0,35748999000.0,166662,KOSPI,tradable_ohlcv
2018-03-28,214500.0,214500.0,214500.0,214500.0,21.0,4504500.0,35748999000.0,166662,KOSPI,tradable_ohlcv
2018-03-29,214000.0,214000.0,212500.0,214000.0,7.0,1496500.0,35665668000.0,166662,KOSPI,tradable_ohlcv
2018-03-30,214000.0,231000.0,212500.0,214500.0,207.0,46128000.0,35748999000.0,166662,KOSPI,tradable_ohlcv
2018-04-02,216000.0,218000.0,216000.0,217000.0,129.0,28013000.0,36165654000.0,166662,KOSPI,tradable_ohlcv
2018-04-03,215500.0,215500.0,211000.0,214000.0,108.0,23063000.0,35665668000.0,166662,KOSPI,tradable_ohlcv
2018-04-04,214000.0,214000.0,214000.0,214000.0,4.0,856000.0,35665668000.0,166662,KOSPI,tradable_ohlcv
2018-04-05,212000.0,214000.0,212000.0,214000.0,14.0,2990000.0,35665668000.0,166662,KOSPI,tradable_ohlcv
2018-04-06,214000.0,214000.0,214000.0,214000.0,31.0,6634000.0,35665668000.0,166662,KOSPI,tradable_ohlcv
2018-04-09,214000.0,214000.0,214000.0,214000.0,18.0,3852000.0,35665668000.0,166662,KOSPI,tradable_ohlcv
2018-04-10,213000.0,213000.0,212000.0,212000.0,69.0,14669000.0,35332344000.0,166662,KOSPI,tradable_ohlcv
2018-04-11,212000.0,213500.0,210500.0,211500.0,29.0,6134500.0,35249013000.0,166662,KOSPI,tradable_ohlcv
2018-04-12,211500.0,213000.0,211500.0,213000.0,13.0,2763000.0,35499006000.0,166662,KOSPI,tradable_ohlcv
2018-04-13,212000.0,212000.0,212000.0,212000.0,37.0,7844000.0,35332344000.0,166662,KOSPI,tradable_ohlcv
2018-04-16,213500.0,213500.0,213500.0,213500.0,3.0,640500.0,35582337000.0,166662,KOSPI,tradable_ohlcv
2018-04-17,0.0,0.0,0.0,213500.0,0.0,0.0,35582337000.0,166662,KOSPI,non_tradable_zero_volume
2018-04-18,212500.0,212500.0,212500.0,212500.0,10.0,2125000.0,35415675000.0,166662,KOSPI,tradable_ohlcv
2018-04-19,212500.0,212500.0,211000.0,212000.0,29.0,6141500.0,35332344000.0,166662,KOSPI,tradable_ohlcv
2018-04-20,211000.0,212500.0,211000.0,212500.0,58.0,12249500.0,35415675000.0,166662,KOSPI,tradable_ohlcv
2018-04-23,213500.0,213500.0,211500.0,212500.0,70.0,14836000.0,35415675000.0,166662,KOSPI,tradable_ohlcv
2018-04-24,212500.0,212500.0,212500.0,212500.0,5.0,1062500.0,35415675000.0,166662,KOSPI,tradable_ohlcv
2018-04-25,212500.0,212500.0,212500.0,212500.0,11.0,2337500.0,35415675000.0,166662,KOSPI,tradable_ohlcv
2018-04-26,212500.0,213000.0,210000.0,212500.0,47.0,9902500.0,35415675000.0,166662,KOSPI,tradable_ohlcv
2018-04-27,213000.0,213000.0,212500.0,213000.0,12.0,2551500.0,35499006000.0,166662,KOSPI,tradable_ohlcv
2018-04-30,212500.0,215000.0,212500.0,215000.0,41.0,8754500.0,35832330000.0,166662,KOSPI,tradable_ohlcv
2018-05-02,216500.0,220000.0,216500.0,219000.0,1147.0,251038500.0,36498978000.0,166662,KOSPI,tradable_ohlcv
2018-05-03,223000.0,223000.0,218000.0,220500.0,284.0,62599500.0,36748971000.0,166662,KOSPI,tradable_ohlcv
2018-05-04,221500.0,221500.0,218500.0,221000.0,99.0,21849500.0,36832302000.0,166662,KOSPI,tradable_ohlcv
2018-05-08,221000.0,225000.0,221000.0,223500.0,433.0,96730000.0,37248957000.0,166662,KOSPI,tradable_ohlcv
2018-05-09,225000.0,225000.0,219000.0,222500.0,373.0,82546000.0,37082295000.0,166662,KOSPI,tradable_ohlcv
2018-05-10,224000.0,224000.0,219000.0,220000.0,232.0,51325500.0,36665640000.0,166662,KOSPI,tradable_ohlcv
2018-05-11,222500.0,223500.0,222500.0,222500.0,225.0,50113500.0,37082295000.0,166662,KOSPI,tradable_ohlcv
2018-05-14,222000.0,225000.0,222000.0,224500.0,236.0,52864000.0,37415619000.0,166662,KOSPI,tradable_ohlcv
2018-05-15,224500.0,226000.0,224500.0,225500.0,412.0,92764000.0,37582281000.0,166662,KOSPI,tradable_ohlcv
2018-05-16,222000.0,225000.0,216500.0,220000.0,194.0,42986500.0,36665640000.0,166662,KOSPI,tradable_ohlcv
2018-05-17,223500.0,224000.0,223000.0,224000.0,27.0,6036000.0,37332288000.0,166662,KOSPI,tradable_ohlcv
2018-05-18,222500.0,224000.0,219000.0,223500.0,37.0,8199000.0,37248957000.0,166662,KOSPI,tradable_ohlcv
2018-05-21,224000.0,229500.0,222000.0,227000.0,307.0,69621500.0,37832274000.0,166662,KOSPI,tradable_ohlcv
2018-05-23,228000.0,229000.0,221000.0,222000.0,198.0,44668500.0,36998964000.0,166662,KOSPI,tradable_ohlcv
2018-05-24,220500.0,224500.0,218500.0,222000.0,264.0,58720500.0,36998964000.0,166662,KOSPI,tradable_ohlcv
2018-05-25,221000.0,226000.0,219500.0,226000.0,248.0,54829000.0,37665612000.0,166662,KOSPI,tradable_ohlcv
2018-05-28,224500.0,228000.0,224500.0,227500.0,245.0,55625500.0,37915605000.0,166662,KOSPI,tradable_ohlcv
2018-05-29,227000.0,227500.0,224500.0,224500.0,17.0,3852000.0,37415619000.0,166662,KOSPI,tradable_ohlcv
2018-05-30,223000.0,227000.0,218000.0,226500.0,469.0,103357000.0,37748943000.0,166662,KOSPI,tradable_ohlcv
2018-05-31,225000.0,226000.0,225000.0,225000.0,47.0,10590000.0,37498950000.0,166662,KOSPI,tradable_ohlcv
2018-06-01,223500.0,227000.0,221500.0,226000.0,168.0,37984500.0,37665612000.0,166662,KOSPI,tradable_ohlcv
2018-06-04,224500.0,224500.0,221000.0,224500.0,30.0,6679500.0,37415619000.0,166662,KOSPI,tradable_ohlcv
2018-06-05,224500.0,225000.0,224000.0,225000.0,43.0,9667000.0,37498950000.0,166662,KOSPI,tradable_ohlcv
2018-06-07,225000.0,226000.0,225000.0,225000.0,125.0,28141500.0,37498950000.0,166662,KOSPI,tradable_ohlcv
2018-06-08,224500.0,226000.0,224500.0,226000.0,40.0,8993500.0,37665612000.0,166662,KOSPI,tradable_ohlcv
2018-06-11,224500.0,227000.0,224500.0,226500.0,243.0,55041500.0,37748943000.0,166662,KOSPI,tradable_ohlcv
2018-06-12,228000.0,228000.0,222500.0,227000.0,226.0,51234000.0,37832274000.0,166662,KOSPI,tradable_ohlcv
2018-06-14,225500.0,227000.0,223000.0,226500.0,10.0,2261500.0,37748943000.0,166662,KOSPI,tradable_ohlcv
2018-06-15,226500.0,226500.0,225000.0,225000.0,11.0,2490000.0,37498950000.0,166662,KOSPI,tradable_ohlcv
2018-06-18,223500.0,223500.0,221000.0,223500.0,44.0,9737000.0,37248957000.0,166662,KOSPI,tradable_ohlcv
2018-06-19,218500.0,223000.0,218500.0,219500.0,56.0,12392500.0,36582309000.0,166662,KOSPI,tradable_ohlcv
2018-06-20,222000.0,222000.0,218000.0,220500.0,55.0,12131500.0,36748971000.0,166662,KOSPI,tradable_ohlcv
2018-06-21,220500.0,220500.0,216000.0,218500.0,74.0,16171500.0,36415647000.0,166662,KOSPI,tradable_ohlcv
2018-06-22,217000.0,218500.0,214000.0,218000.0,39.0,8393500.0,36332316000.0,166662,KOSPI,tradable_ohlcv
2018-06-25,218000.0,218000.0,215000.0,215500.0,67.0,14485500.0,35915661000.0,166662,KOSPI,tradable_ohlcv
2018-06-26,214000.0,216500.0,210500.0,216500.0,103.0,21894500.0,36082323000.0,166662,KOSPI,tradable_ohlcv
2018-06-27,216000.0,216500.0,211000.0,214500.0,120.0,25669500.0,35748999000.0,166662,KOSPI,tradable_ohlcv
2018-06-28,214000.0,214000.0,210500.0,214000.0,101.0,21363500.0,35665668000.0,166662,KOSPI,tradable_ohlcv
2018-06-29,211500.0,214000.0,211500.0,214000.0,46.0,9750500.0,35665668000.0,166662,KOSPI,tradable_ohlcv
2018-07-02,212500.0,214000.0,208000.0,208000.0,89.0,18794500.0,34665696000.0,166662,KOSPI,tradable_ohlcv
2018-07-03,208000.0,208000.0,203500.0,207500.0,91.0,18621500.0,34582365000.0,166662,KOSPI,tradable_ohlcv
2018-07-04,209000.0,209000.0,209000.0,209000.0,1.0,209000.0,34832358000.0,166662,KOSPI,tradable_ohlcv
2018-07-05,209000.0,209000.0,209000.0,209000.0,11.0,2299000.0,34832358000.0,166662,KOSPI,tradable_ohlcv
2018-07-06,210000.0,210000.0,210000.0,210000.0,1.0,210000.0,34999020000.0,166662,KOSPI,tradable_ohlcv
2018-07-09,209000.0,209000.0,209000.0,209000.0,9.0,1881000.0,34832358000.0,166662,KOSPI,tradable_ohlcv
2018-07-10,208000.0,210500.0,208000.0,210500.0,11.0,2290500.0,35082351000.0,166662,KOSPI,tradable_ohlcv
2018-07-11,0.0,0.0,0.0,210000.0,0.0,0.0,34999020000.0,166662,KOSPI,non_tradable_zero_volume
2018-07-12,206500.0,209000.0,206500.0,209000.0,13.0,2691500.0,34832358000.0,166662,KOSPI,tradable_ohlcv
2018-07-13,207500.0,210500.0,207500.0,210500.0,6.0,1258500.0,35082351000.0,166662,KOSPI,tradable_ohlcv
2018-07-16,210500.0,211500.0,206000.0,210000.0,55.0,11496500.0,34999020000.0,166662,KOSPI,tradable_ohlcv
2018-07-17,208500.0,209500.0,208500.0,209500.0,7.0,1463500.0,34915689000.0,166662,KOSPI,tradable_ohlcv
2018-07-18,209500.0,209500.0,208000.0,209000.0,4.0,834500.0,34832358000.0,166662,KOSPI,tradable_ohlcv
2018-07-19,207500.0,208500.0,203500.0,208500.0,28.0,5760500.0,34749027000.0,166662,KOSPI,tradable_ohlcv
2018-07-20,208500.0,209000.0,208000.0,209000.0,15.0,3123000.0,34832358000.0,166662,KOSPI,tradable_ohlcv
2018-07-23,209000.0,209500.0,209000.0,209500.0,5.0,1046000.0,34915689000.0,166662,KOSPI,tradable_ohlcv
2018-07-24,208000.0,209500.0,208000.0,209500.0,3.0,627500.0,34915689000.0,166662,KOSPI,tradable_ohlcv
2018-07-25,206500.0,206500.0,206000.0,206000.0,8.0,1651500.0,34332372000.0,166662,KOSPI,tradable_ohlcv
2018-07-26,206000.0,208500.0,203000.0,206000.0,101.0,20631000.0,34332372000.0,166662,KOSPI,tradable_ohlcv
2018-07-27,207000.0,207000.0,203000.0,203500.0,53.0,10784500.0,33915717000.0,166662,KOSPI,tradable_ohlcv
2018-07-30,205500.0,205500.0,203500.0,203500.0,70.0,14293500.0,33915717000.0,166662,KOSPI,tradable_ohlcv
2018-07-31,204000.0,206000.0,203500.0,206000.0,49.0,9990000.0,34332372000.0,166662,KOSPI,tradable_ohlcv
2018-08-01,206000.0,207000.0,206000.0,207000.0,6.0,1241000.0,34499034000.0,166662,KOSPI,tradable_ohlcv
2018-08-02,207000.0,208000.0,206500.0,207500.0,21.0,4347500.0,34582365000.0,166662,KOSPI,tradable_ohlcv
2018-08-03,209500.0,211500.0,209500.0,210000.0,21.0,4409500.0,34999020000.0,166662,KOSPI,tradable_ohlcv
2018-08-06,209000.0,209000.0,208500.0,208500.0,11.0,2298500.0,34749027000.0,166662,KOSPI,tradable_ohlcv
2018-08-07,208500.0,208500.0,208500.0,208500.0,2.0,417000.0,34749027000.0,166662,KOSPI,tradable_ohlcv
2018-08-08,209500.0,210500.0,209500.0,210500.0,16.0,3362000.0,35082351000.0,166662,KOSPI,tradable_ohlcv
2018-08-09,209000.0,210000.0,209000.0,210000.0,3.0,629000.0,34999020000.0,166662,KOSPI,tradable_ohlcv
2018-08-10,211500.0,211500.0,211500.0,211500.0,1.0,211500.0,35249013000.0,166662,KOSPI,tradable_ohlcv
2018-08-13,210000.0,210000.0,206000.0,210000.0,9.0,1877000.0,34999020000.0,166662,KOSPI,tradable_ohlcv
2018-08-14,0.0,0.0,0.0,210000.0,0.0,0.0,34999020000.0,166662,KOSPI,non_tradable_zero_volume
2018-08-16,208500.0,212000.0,208500.0,212000.0,14.0,2943000.0,35332344000.0,166662,KOSPI,tradable_ohlcv
2018-08-17,210500.0,210500.0,204000.0,204500.0,77.0,15862500.0,34082379000.0,166662,KOSPI,tradable_ohlcv
2018-08-20,206000.0,207000.0,204000.0,206000.0,12.0,2462500.0,34332372000.0,166662,KOSPI,tradable_ohlcv
2018-08-21,205500.0,206000.0,205500.0,206000.0,12.0,2471000.0,34332372000.0,166662,KOSPI,tradable_ohlcv
2018-08-22,206500.0,207000.0,204500.0,207000.0,21.0,4327500.0,34499034000.0,166662,KOSPI,tradable_ohlcv
2018-08-23,0.0,0.0,0.0,207000.0,0.0,0.0,34499034000.0,166662,KOSPI,non_tradable_zero_volume
2018-08-24,206000.0,208000.0,205500.0,208000.0,16.0,3298000.0,34665696000.0,166662,KOSPI,tradable_ohlcv
2018-08-27,206500.0,209000.0,206500.0,209000.0,13.0,2687000.0,34832358000.0,166662,KOSPI,tradable_ohlcv
2018-08-28,207500.0,209000.0,207500.0,209000.0,4.0,831500.0,34832358000.0,166662,KOSPI,tradable_ohlcv
2018-08-29,207500.0,210000.0,207500.0,210000.0,5.0,1041500.0,34999020000.0,166662,KOSPI,tradable_ohlcv
2018-08-30,208500.0,208500.0,205000.0,207500.0,18.0,3712500.0,34582365000.0,166662,KOSPI,tradable_ohlcv
2018-08-31,206000.0,208500.0,206000.0,208500.0,5.0,1035500.0,34749027000.0,166662,KOSPI,tradable_ohlcv
2018-09-03,208500.0,208500.0,208500.0,208500.0,1.0,208500.0,34749027000.0,166662,KOSPI,tradable_ohlcv
2018-09-04,208500.0,209000.0,208500.0,209000.0,2.0,417500.0,34832358000.0,166662,KOSPI,tradable_ohlcv
2018-09-05,0.0,0.0,0.0,209000.0,0.0,0.0,34832358000.0,166662,KOSPI,non_tradable_zero_volume
2018-09-06,208000.0,209500.0,207500.0,209500.0,5.0,1041000.0,34915689000.0,166662,KOSPI,tradable_ohlcv
2018-09-07,209500.0,209500.0,208000.0,209500.0,3.0,627000.0,34915689000.0,166662,KOSPI,tradable_ohlcv
2018-09-10,209000.0,209000.0,204000.0,206500.0,27.0,5553500.0,34415703000.0,166662,KOSPI,tradable_ohlcv
2018-09-11,206000.0,206500.0,205000.0,206500.0,8.0,1647000.0,34415703000.0,166662,KOSPI,tradable_ohlcv
2018-09-12,206500.0,214000.0,206000.0,212000.0,82.0,17042000.0,35332344000.0,166662,KOSPI,tradable_ohlcv
2018-09-13,211000.0,215000.0,208000.0,208500.0,80.0,16829500.0,34749027000.0,166662,KOSPI,tradable_ohlcv
2018-09-14,208500.0,211000.0,208500.0,211000.0,25.0,5216000.0,35165682000.0,166662,KOSPI,tradable_ohlcv
2018-09-17,211000.0,211500.0,209500.0,211500.0,6.0,1261000.0,35249013000.0,166662,KOSPI,tradable_ohlcv
2018-09-18,212500.0,212500.0,212000.0,212000.0,5.0,1062000.0,35332344000.0,166662,KOSPI,tradable_ohlcv
2018-09-19,212500.0,212500.0,212500.0,212500.0,10.0,2125000.0,35415675000.0,166662,KOSPI,tradable_ohlcv
2018-09-20,211000.0,215000.0,211000.0,215000.0,61.0,13095500.0,35832330000.0,166662,KOSPI,tradable_ohlcv
2018-09-21,215500.0,216000.0,213500.0,216000.0,21.0,4508000.0,35998992000.0,166662,KOSPI,tradable_ohlcv
2018-09-27,216500.0,216500.0,216500.0,216500.0,3.0,649500.0,36082323000.0,166662,KOSPI,tradable_ohlcv
2018-09-28,0.0,0.0,0.0,216500.0,0.0,0.0,36082323000.0,166662,KOSPI,non_tradable_zero_volume
2018-10-01,215000.0,217000.0,215000.0,217000.0,6.0,1299000.0,36165654000.0,166662,KOSPI,tradable_ohlcv
2018-10-02,217000.0,217000.0,215500.0,217000.0,3.0,649500.0,36165654000.0,166662,KOSPI,tradable_ohlcv
2018-10-04,215500.0,216000.0,209500.0,216000.0,22.0,4724000.0,35998992000.0,166662,KOSPI,tradable_ohlcv
2018-10-05,218000.0,220000.0,216000.0,219500.0,63.0,13751000.0,36582309000.0,166662,KOSPI,tradable_ohlcv
2018-10-08,218000.0,219000.0,213000.0,216000.0,518.0,111701500.0,35998992000.0,166662,KOSPI,tradable_ohlcv
2018-10-10,214500.0,215000.0,211000.0,214500.0,153.0,32563000.0,35748999000.0,166662,KOSPI,tradable_ohlcv
2018-10-11,215000.0,215500.0,210000.0,210500.0,178.0,37596500.0,35082351000.0,166662,KOSPI,tradable_ohlcv
2018-10-12,210500.0,212500.0,208000.0,208000.0,179.0,37701000.0,34665696000.0,166662,KOSPI,tradable_ohlcv
2018-10-15,205500.0,205500.0,204500.0,204500.0,136.0,27937000.0,34082379000.0,166662,KOSPI,tradable_ohlcv
2018-10-16,204000.0,205000.0,204000.0,204500.0,183.0,37385500.0,34082379000.0,166662,KOSPI,tradable_ohlcv
2018-10-17,204500.0,204500.0,203500.0,204000.0,56.0,11420500.0,33999048000.0,166662,KOSPI,tradable_ohlcv
2018-10-18,204000.0,204000.0,201500.0,203000.0,75.0,15186000.0,33832386000.0,166662,KOSPI,tradable_ohlcv
2018-10-19,203000.0,203000.0,200500.0,203000.0,38.0,7668500.0,33832386000.0,166662,KOSPI,tradable_ohlcv
2018-10-22,201500.0,202000.0,200500.0,200500.0,239.0,48096500.0,33415731000.0,166662,KOSPI,tradable_ohlcv
2018-10-23,200500.0,200500.0,199500.0,200500.0,36.0,7199500.0,33415731000.0,166662,KOSPI,tradable_ohlcv
2018-10-24,201500.0,202500.0,201500.0,202500.0,83.0,16802500.0,33749055000.0,166662,KOSPI,tradable_ohlcv
2018-10-25,202500.0,202500.0,199500.0,200000.0,74.0,14835000.0,33332400000.0,166662,KOSPI,tradable_ohlcv
2018-10-26,200000.0,201500.0,196000.0,196000.0,89.0,17671000.0,32665752000.0,166662,KOSPI,tradable_ohlcv
2018-10-29,196000.0,200000.0,195000.0,198500.0,84.0,16558000.0,33082407000.0,166662,KOSPI,tradable_ohlcv
2018-10-30,197500.0,197500.0,186000.0,192000.0,1755.0,339595500.0,31999104000.0,166662,KOSPI,tradable_ohlcv
2018-10-31,196000.0,196000.0,178000.0,185000.0,2023.0,376260500.0,30832470000.0,166662,KOSPI,tradable_ohlcv
2018-11-01,185000.0,185000.0,178500.0,179000.0,627.0,113897500.0,29832498000.0,166662,KOSPI,tradable_ohlcv
2018-11-02,180500.0,182500.0,180500.0,182500.0,2.0,363000.0,30415815000.0,166662,KOSPI,tradable_ohlcv
2018-11-05,181500.0,181500.0,178000.0,180500.0,28.0,5039500.0,30082491000.0,166662,KOSPI,tradable_ohlcv
2018-11-06,177500.0,181000.0,177000.0,180500.0,36.0,6429500.0,30082491000.0,166662,KOSPI,tradable_ohlcv
2018-11-07,180500.0,183000.0,180000.0,181500.0,33.0,5999000.0,30249153000.0,166662,KOSPI,tradable_ohlcv
2018-11-08,182500.0,186500.0,182000.0,185000.0,89.0,16310500.0,30832470000.0,166662,KOSPI,tradable_ohlcv
2018-11-09,184000.0,184000.0,184000.0,184000.0,6.0,1104000.0,30665808000.0,166662,KOSPI,tradable_ohlcv
2018-11-12,183000.0,185000.0,182500.0,182500.0,34.0,6247500.0,30415815000.0,166662,KOSPI,tradable_ohlcv
2018-11-13,183000.0,183500.0,183000.0,183500.0,11.0,2014000.0,30582477000.0,166662,KOSPI,tradable_ohlcv
2018-11-14,182500.0,185500.0,182500.0,185500.0,19.0,3503000.0,30915801000.0,166662,KOSPI,tradable_ohlcv
2018-11-15,185500.0,185500.0,184500.0,184500.0,21.0,3879500.0,30749139000.0,166662,KOSPI,tradable_ohlcv
2018-11-16,185000.0,191500.0,184000.0,190000.0,201.0,38026000.0,31665780000.0,166662,KOSPI,tradable_ohlcv
2018-11-19,191000.0,199500.0,190000.0,195000.0,67.0,13097500.0,32499090000.0,166662,KOSPI,tradable_ohlcv
2018-11-20,193000.0,196000.0,191000.0,196000.0,58.0,11179500.0,32665752000.0,166662,KOSPI,tradable_ohlcv
2018-11-21,195000.0,200000.0,195000.0,200000.0,10.0,1971000.0,33332400000.0,166662,KOSPI,tradable_ohlcv
2018-11-22,199000.0,200500.0,193000.0,193000.0,41.0,8032500.0,32165766000.0,166662,KOSPI,tradable_ohlcv
2018-11-23,193000.0,195500.0,190500.0,195500.0,12.0,2311500.0,32582421000.0,166662,KOSPI,tradable_ohlcv
2018-11-26,194500.0,204000.0,194500.0,203500.0,202.0,40475500.0,33915717000.0,166662,KOSPI,tradable_ohlcv
2018-11-27,202000.0,203000.0,202000.0,203000.0,3.0,607000.0,33832386000.0,166662,KOSPI,tradable_ohlcv
2018-11-28,201500.0,201500.0,196000.0,201500.0,9.0,1803500.0,33582393000.0,166662,KOSPI,tradable_ohlcv
2018-11-29,203500.0,204500.0,200000.0,204500.0,7.0,1422000.0,34082379000.0,166662,KOSPI,tradable_ohlcv
2018-11-30,204500.0,204500.0,203000.0,204500.0,9.0,1837500.0,34082379000.0,166662,KOSPI,tradable_ohlcv
2018-12-03,203000.0,205000.0,203000.0,205000.0,5.0,1022500.0,34165710000.0,166662,KOSPI,tradable_ohlcv
2018-12-04,204500.0,209000.0,197500.0,209000.0,71.0,14547000.0,34832358000.0,166662,KOSPI,tradable_ohlcv
2018-12-05,207000.0,209000.0,206500.0,208000.0,20.0,4161000.0,34665696000.0,166662,KOSPI,tradable_ohlcv
2018-12-06,202000.0,208500.0,202000.0,208500.0,25.0,5105500.0,34749027000.0,166662,KOSPI,tradable_ohlcv
2018-12-07,207000.0,207000.0,196500.0,199000.0,133.0,26499000.0,33165738000.0,166662,KOSPI,tradable_ohlcv
2018-12-10,199500.0,199500.0,198000.0,199500.0,5.0,993500.0,33249069000.0,166662,KOSPI,tradable_ohlcv
2018-12-11,199500.0,200000.0,198500.0,200000.0,5.0,995000.0,33332400000.0,166662,KOSPI,tradable_ohlcv
2018-12-12,200000.0,207500.0,200000.0,207500.0,31.0,6325000.0,34582365000.0,166662,KOSPI,tradable_ohlcv
2018-12-13,202000.0,204500.0,200000.0,204500.0,7.0,1416500.0,34082379000.0,166662,KOSPI,tradable_ohlcv
2018-12-14,204000.0,207500.0,204000.0,207500.0,102.0,21068000.0,34582365000.0,166662,KOSPI,tradable_ohlcv
2018-12-17,207500.0,208000.0,203500.0,206500.0,48.0,9955500.0,34415703000.0,166662,KOSPI,tradable_ohlcv
2018-12-18,206500.0,206500.0,203000.0,203000.0,2.0,409500.0,33832386000.0,166662,KOSPI,tradable_ohlcv
2018-12-19,203000.0,203000.0,203000.0,203000.0,6.0,1218000.0,33832386000.0,166662,KOSPI,tradable_ohlcv
2018-12-20,201500.0,202000.0,201500.0,202000.0,4.0,806500.0,33665724000.0,166662,KOSPI,tradable_ohlcv
2018-12-21,200500.0,202000.0,200500.0,202000.0,2.0,402500.0,33665724000.0,166662,KOSPI,tradable_ohlcv
2018-12-24,197500.0,202000.0,187500.0,202000.0,12.0,2286500.0,33665724000.0,166662,KOSPI,tradable_ohlcv
2018-12-26,191500.0,194500.0,191500.0,194000.0,19.0,3668500.0,32332428000.0,166662,KOSPI,tradable_ohlcv
2018-12-27,193000.0,196500.0,193000.0,196500.0,9.0,1758000.0,32749083000.0,166662,KOSPI,tradable_ohlcv
2018-12-28,197000.0,197000.0,197000.0,197000.0,3.0,591000.0,32832414000.0,166662,KOSPI,tradable_ohlcv
