d,o,h,l,c,v,a,mc,s,m,rs
2003-01-02,12200.0,12450.0,11700.0,11900.0,4370.0,52264000.0,87393600000.0,7344000,KOSPI,tradable_ohlcv
2003-01-03,11900.0,12200.0,11800.0,11800.0,8600.0,102803500.0,86659200000.0,7344000,KOSPI,tradable_ohlcv
2003-01-06,11800.0,12100.0,11800.0,12100.0,3297.0,39503200.0,88862400000.0,7344000,KOSPI,tradable_ohlcv
2003-01-07,12000.0,12350.0,11900.0,11900.0,5400.0,65045000.0,87393600000.0,7344000,KOSPI,tradable_ohlcv
2003-01-08,11600.0,12350.0,11600.0,12050.0,3380.0,40648500.0,88495200000.0,7344000,KOSPI,tradable_ohlcv
2003-01-09,12600.0,13000.0,12550.0,12550.0,18380.0,233194000.0,92167200000.0,7344000,KOSPI,tradable_ohlcv
2003-01-10,13000.0,13000.0,12650.0,12850.0,6970.0,89482500.0,94370400000.0,7344000,KOSPI,tradable_ohlcv
2003-01-13,12950.0,13450.0,12900.0,13450.0,10150.0,132578000.0,98776800000.0,7344000,KOSPI,tradable_ohlcv
2003-01-14,13550.0,13550.0,13050.0,13500.0,3880.0,51436500.0,99144000000.0,7344000,KOSPI,tradable_ohlcv
2003-01-15,13750.0,13900.0,13500.0,13500.0,4470.0,60791500.0,99144000000.0,7344000,KOSPI,tradable_ohlcv
2003-01-16,13500.0,13700.0,13450.0,13600.0,16550.0,223753500.0,99878400000.0,7344000,KOSPI,tradable_ohlcv
2003-01-17,13600.0,13600.0,13300.0,13400.0,21450.0,290599000.0,98409600000.0,7344000,KOSPI,tradable_ohlcv
2003-01-20,13400.0,13500.0,13400.0,13400.0,16130.0,216209000.0,98409600000.0,7344000,KOSPI,tradable_ohlcv
2003-01-21,13800.0,13800.0,13200.0,13400.0,23310.0,312079500.0,98409600000.0,7344000,KOSPI,tradable_ohlcv
2003-01-22,13400.0,13500.0,13100.0,13300.0,21440.0,286934000.0,97675200000.0,7344000,KOSPI,tradable_ohlcv
2003-01-23,13300.0,13450.0,13000.0,13400.0,25520.0,339659000.0,98409600000.0,7344000,KOSPI,tradable_ohlcv
2003-01-24,13400.0,13400.0,13050.0,13200.0,23900.0,319352500.0,96940800000.0,7344000,KOSPI,tradable_ohlcv
2003-01-27,13200.0,13400.0,12800.0,13100.0,28200.0,370455000.0,96206400000.0,7344000,KOSPI,tradable_ohlcv
2003-01-28,13100.0,13150.0,12800.0,12800.0,22940.0,300361500.0,94003200000.0,7344000,KOSPI,tradable_ohlcv
2003-01-29,12800.0,12950.0,12800.0,12900.0,5580.0,71430500.0,94737600000.0,7344000,KOSPI,tradable_ohlcv
2003-01-30,12900.0,13000.0,12900.0,13000.0,4500.0,58051000.0,95472000000.0,7344000,KOSPI,tradable_ohlcv
2003-02-03,12700.0,13000.0,12700.0,12800.0,830.0,10761000.0,94003200000.0,7344000,KOSPI,tradable_ohlcv
2003-02-04,12800.0,13000.0,12800.0,13000.0,5240.0,67836000.0,95472000000.0,7344000,KOSPI,tradable_ohlcv
2003-02-05,13000.0,13200.0,12450.0,12450.0,13160.0,170837000.0,91432800000.0,7344000,KOSPI,tradable_ohlcv
2003-02-06,12600.0,13150.0,12600.0,12900.0,6740.0,87272500.0,94737600000.0,7344000,KOSPI,tradable_ohlcv
2003-02-07,13150.0,13200.0,12900.0,12900.0,5070.0,65509500.0,94737600000.0,7344000,KOSPI,tradable_ohlcv
2003-02-10,13850.0,13850.0,12900.0,12900.0,1850.0,24401500.0,94737600000.0,7344000,KOSPI,tradable_ohlcv
2003-02-11,12950.0,13400.0,12900.0,12900.0,1520.0,19672000.0,94737600000.0,7344000,KOSPI,tradable_ohlcv
2003-02-12,13300.0,13300.0,12700.0,12850.0,5930.0,76378000.0,94370400000.0,7344000,KOSPI,tradable_ohlcv
2003-02-13,13200.0,14400.0,12850.0,14400.0,8680.0,118635500.0,105753600000.0,7344000,KOSPI,tradable_ohlcv
2003-02-14,13900.0,13900.0,12700.0,13100.0,3690.0,48756500.0,96206400000.0,7344000,KOSPI,tradable_ohlcv
2003-02-17,13250.0,13500.0,13100.0,13150.0,5367.0,71949550.0,96573600000.0,7344000,KOSPI,tradable_ohlcv
2003-02-18,13450.0,13600.0,13150.0,13250.0,6670.0,89684000.0,97308000000.0,7344000,KOSPI,tradable_ohlcv
2003-02-19,13300.0,13700.0,13300.0,13600.0,2870.0,38571500.0,99878400000.0,7344000,KOSPI,tradable_ohlcv
2003-02-20,13600.0,13600.0,13150.0,13150.0,3260.0,43608500.0,96573600000.0,7344000,KOSPI,tradable_ohlcv
2003-02-21,13100.0,13450.0,13000.0,13300.0,1110.0,14532500.0,97675200000.0,7344000,KOSPI,tradable_ohlcv
2003-02-24,13400.0,13600.0,13000.0,13300.0,5910.0,79114000.0,97675200000.0,7344000,KOSPI,tradable_ohlcv
2003-02-25,13500.0,13500.0,12900.0,13300.0,2710.0,35357000.0,97675200000.0,7344000,KOSPI,tradable_ohlcv
2003-02-26,12850.0,13200.0,12850.0,13200.0,2120.0,27672000.0,96940800000.0,7344000,KOSPI,tradable_ohlcv
2003-02-27,13200.0,13300.0,11350.0,12950.0,9230.0,118781500.0,95104800000.0,7344000,KOSPI,tradable_ohlcv
2003-02-28,12800.0,13200.0,12700.0,12700.0,2550.0,32761000.0,93268800000.0,7344000,KOSPI,tradable_ohlcv
2003-03-03,12950.0,13000.0,12650.0,12850.0,3440.0,44116500.0,94370400000.0,7344000,KOSPI,tradable_ohlcv
2003-03-04,12700.0,12750.0,12200.0,12750.0,1600.0,20116500.0,93636000000.0,7344000,KOSPI,tradable_ohlcv
2003-03-05,12900.0,12900.0,12200.0,12500.0,1620.0,19980000.0,91800000000.0,7344000,KOSPI,tradable_ohlcv
2003-03-06,12300.0,12400.0,11950.0,12300.0,3300.0,39851500.0,90331200000.0,7344000,KOSPI,tradable_ohlcv
2003-03-07,12400.0,12400.0,11450.0,11750.0,3270.0,39046000.0,86292000000.0,7344000,KOSPI,tradable_ohlcv
2003-03-10,11400.0,11750.0,11150.0,11550.0,3940.0,45386500.0,84823200000.0,7344000,KOSPI,tradable_ohlcv
2003-03-11,11200.0,11800.0,11150.0,11800.0,2870.0,32747500.0,86659200000.0,7344000,KOSPI,tradable_ohlcv
2003-03-12,12650.0,12650.0,11750.0,12000.0,3680.0,44754000.0,88128000000.0,7344000,KOSPI,tradable_ohlcv
2003-03-13,11800.0,13200.0,11600.0,13200.0,11280.0,145119000.0,96940800000.0,7344000,KOSPI,tradable_ohlcv
2003-03-14,13150.0,13150.0,12400.0,12900.0,3270.0,41632000.0,94737600000.0,7344000,KOSPI,tradable_ohlcv
2003-03-17,13000.0,13000.0,12300.0,12300.0,2920.0,36752000.0,90331200000.0,7344000,KOSPI,tradable_ohlcv
2003-03-18,12700.0,13000.0,12350.0,12450.0,3410.0,42879000.0,91432800000.0,7344000,KOSPI,tradable_ohlcv
2003-03-19,12200.0,12800.0,12200.0,12450.0,5210.0,64389500.0,91432800000.0,7344000,KOSPI,tradable_ohlcv
2003-03-20,12700.0,12750.0,12300.0,12700.0,6840.0,85827000.0,93268800000.0,7344000,KOSPI,tradable_ohlcv
2003-03-21,12500.0,12800.0,12500.0,12600.0,3760.0,47312000.0,92534400000.0,7344000,KOSPI,tradable_ohlcv
2003-03-24,12550.0,12850.0,12500.0,12600.0,9490.0,120873500.0,92534400000.0,7344000,KOSPI,tradable_ohlcv
2003-03-25,12600.0,12800.0,12350.0,12800.0,5690.0,72293500.0,94003200000.0,7344000,KOSPI,tradable_ohlcv
2003-03-26,12600.0,13350.0,12600.0,12950.0,17110.0,224050500.0,95104800000.0,7344000,KOSPI,tradable_ohlcv
2003-03-27,13000.0,13200.0,12700.0,12900.0,7870.0,102235500.0,94737600000.0,7344000,KOSPI,tradable_ohlcv
2003-03-28,13200.0,13300.0,12800.0,13300.0,12700.0,167221000.0,97675200000.0,7344000,KOSPI,tradable_ohlcv
2003-03-31,13500.0,13500.0,13000.0,13050.0,7390.0,96940500.0,95839200000.0,7344000,KOSPI,tradable_ohlcv
2003-04-01,13450.0,13450.0,12550.0,13000.0,16399.0,214895500.0,95472000000.0,7344000,KOSPI,tradable_ohlcv
2003-04-02,12800.0,13850.0,12800.0,13800.0,44570.0,608135000.0,101347200000.0,7344000,KOSPI,tradable_ohlcv
2003-04-03,14000.0,14600.0,14000.0,14500.0,57290.0,817676000.0,106488000000.0,7344000,KOSPI,tradable_ohlcv
2003-04-04,14800.0,16650.0,14500.0,15800.0,110170.0,1734228500.0,116035200000.0,7344000,KOSPI,tradable_ohlcv
2003-04-07,16500.0,16500.0,15800.0,16200.0,27323.0,439455600.0,118972800000.0,7344000,KOSPI,tradable_ohlcv
2003-04-08,16300.0,16400.0,15700.0,16400.0,24580.0,397081000.0,120441600000.0,7344000,KOSPI,tradable_ohlcv
2003-04-09,16200.0,18800.0,16000.0,17800.0,43330.0,742221000.0,130723200000.0,7344000,KOSPI,tradable_ohlcv
2003-04-10,18050.0,18050.0,17200.0,17200.0,17960.0,312709500.0,126316800000.0,7344000,KOSPI,tradable_ohlcv
2003-04-11,17000.0,17500.0,16500.0,16650.0,19530.0,331929000.0,122277600000.0,7344000,KOSPI,tradable_ohlcv
2003-04-14,16850.0,17100.0,16600.0,17000.0,15960.0,270202500.0,124848000000.0,7344000,KOSPI,tradable_ohlcv
2003-04-15,17500.0,17500.0,16800.0,16800.0,12688.0,218043400.0,123379200000.0,7344000,KOSPI,tradable_ohlcv
2003-04-16,16850.0,17250.0,16700.0,17100.0,16172.0,275191200.0,125582400000.0,7344000,KOSPI,tradable_ohlcv
2003-04-17,17150.0,17300.0,16800.0,17000.0,11860.0,203370500.0,124848000000.0,7344000,KOSPI,tradable_ohlcv
2003-04-18,17100.0,17300.0,17050.0,17300.0,13140.0,226534500.0,127051200000.0,7344000,KOSPI,tradable_ohlcv
2003-04-21,17500.0,17500.0,17100.0,17500.0,12160.0,211677000.0,128520000000.0,7344000,KOSPI,tradable_ohlcv
2003-04-22,17550.0,17550.0,17200.0,17300.0,8290.0,143387000.0,127051200000.0,7344000,KOSPI,tradable_ohlcv
2003-04-23,17500.0,18500.0,17100.0,18000.0,36270.0,637314500.0,132192000000.0,7344000,KOSPI,tradable_ohlcv
2003-04-24,17800.0,18200.0,17550.0,17800.0,17120.0,306764000.0,130723200000.0,7344000,KOSPI,tradable_ohlcv
2003-04-25,18000.0,18000.0,17000.0,17800.0,14700.0,255679500.0,130723200000.0,7344000,KOSPI,tradable_ohlcv
2003-04-28,17650.0,18000.0,17350.0,18000.0,13660.0,242124500.0,132192000000.0,7344000,KOSPI,tradable_ohlcv
2003-04-29,18000.0,18400.0,18000.0,18350.0,13860.0,251861000.0,134762400000.0,7344000,KOSPI,tradable_ohlcv
2003-04-30,18450.0,19200.0,18300.0,19100.0,48110.0,912210000.0,140270400000.0,7344000,KOSPI,tradable_ohlcv
2003-05-02,19500.0,19900.0,18700.0,19450.0,23460.0,450109000.0,142840800000.0,7344000,KOSPI,tradable_ohlcv
2003-05-06,19100.0,19450.0,18600.0,19450.0,8330.0,158741000.0,142840800000.0,7344000,KOSPI,tradable_ohlcv
2003-05-07,19050.0,21000.0,19050.0,19450.0,30746.0,613844200.0,142840800000.0,7344000,KOSPI,tradable_ohlcv
2003-05-09,19600.0,19750.0,19400.0,19400.0,18877.0,369504300.0,142473600000.0,7344000,KOSPI,tradable_ohlcv
2003-05-12,19500.0,19900.0,19400.0,19800.0,14390.0,283951500.0,145411200000.0,7344000,KOSPI,tradable_ohlcv
2003-05-13,19400.0,19900.0,19100.0,19400.0,16640.0,323081000.0,142473600000.0,7344000,KOSPI,tradable_ohlcv
2003-05-14,19000.0,19500.0,18600.0,19400.0,9900.0,190439500.0,142473600000.0,7344000,KOSPI,tradable_ohlcv
2003-05-15,18850.0,20900.0,18850.0,20800.0,47790.0,949687500.0,152755200000.0,7344000,KOSPI,tradable_ohlcv
2003-05-16,20250.0,21300.0,20100.0,21300.0,26152.0,541920100.0,156427200000.0,7344000,KOSPI,tradable_ohlcv
2003-05-19,20800.0,21450.0,20600.0,21000.0,13590.0,282265000.0,154224000000.0,7344000,KOSPI,tradable_ohlcv
2003-05-20,20250.0,21850.0,20250.0,21600.0,26540.0,569288500.0,158630400000.0,7344000,KOSPI,tradable_ohlcv
2003-05-21,21900.0,21900.0,21100.0,21800.0,14514.0,312188200.0,160099200000.0,7344000,KOSPI,tradable_ohlcv
2003-05-22,21350.0,22300.0,21300.0,21900.0,16570.0,363300500.0,160833600000.0,7344000,KOSPI,tradable_ohlcv
2003-05-23,22500.0,22900.0,21900.0,22500.0,15120.0,341630000.0,165240000000.0,7344000,KOSPI,tradable_ohlcv
2003-05-26,22950.0,23000.0,22000.0,22450.0,8390.0,189685500.0,164872800000.0,7344000,KOSPI,tradable_ohlcv
2003-05-27,22150.0,22650.0,21800.0,22400.0,8180.0,181106500.0,164505600000.0,7344000,KOSPI,tradable_ohlcv
2003-05-28,22350.0,23000.0,22000.0,22500.0,12390.0,280380500.0,165240000000.0,7344000,KOSPI,tradable_ohlcv
2003-05-29,22250.0,22700.0,21500.0,22000.0,12380.0,274398500.0,161568000000.0,7344000,KOSPI,tradable_ohlcv
2003-05-30,21650.0,23000.0,21500.0,23000.0,36732.0,825422000.0,168912000000.0,7344000,KOSPI,tradable_ohlcv
2003-06-02,23500.0,24000.0,23100.0,23100.0,19410.0,461828000.0,169646400000.0,7344000,KOSPI,tradable_ohlcv
2003-06-03,23200.0,23500.0,22500.0,22500.0,17630.0,403554000.0,165240000000.0,7344000,KOSPI,tradable_ohlcv
2003-06-04,22950.0,23000.0,22500.0,23000.0,4015.0,90874500.0,168912000000.0,7344000,KOSPI,tradable_ohlcv
2003-06-05,23000.0,23400.0,22500.0,23000.0,12590.0,285308500.0,168912000000.0,7344000,KOSPI,tradable_ohlcv
2003-06-09,22600.0,23000.0,22600.0,22700.0,6200.0,140679500.0,166708800000.0,7344000,KOSPI,tradable_ohlcv
2003-06-10,22700.0,23200.0,22600.0,23200.0,5370.0,122411500.0,170380800000.0,7344000,KOSPI,tradable_ohlcv
2003-06-11,23050.0,24200.0,23000.0,24200.0,27010.0,638874500.0,177724800000.0,7344000,KOSPI,tradable_ohlcv
2003-06-12,24400.0,25500.0,24400.0,25000.0,78110.0,1952974500.0,183600000000.0,7344000,KOSPI,tradable_ohlcv
2003-06-13,25250.0,25500.0,25050.0,25050.0,12010.0,302957000.0,183967200000.0,7344000,KOSPI,tradable_ohlcv
2003-06-16,25500.0,25600.0,25000.0,25000.0,6790.0,171282000.0,183600000000.0,7344000,KOSPI,tradable_ohlcv
2003-06-17,25600.0,26900.0,25000.0,26900.0,13100.0,343307000.0,197553600000.0,7344000,KOSPI,tradable_ohlcv
2003-06-18,26500.0,27100.0,26150.0,26500.0,5260.0,139444500.0,194616000000.0,7344000,KOSPI,tradable_ohlcv
2003-06-19,25950.0,27000.0,25850.0,26500.0,6780.0,178152500.0,194616000000.0,7344000,KOSPI,tradable_ohlcv
2003-06-20,26000.0,26600.0,25500.0,26000.0,8520.0,221072000.0,190944000000.0,7344000,KOSPI,tradable_ohlcv
2003-06-23,25800.0,26350.0,25500.0,25800.0,116390.0,3022326500.0,189475200000.0,7344000,KOSPI,tradable_ohlcv
2003-06-24,26300.0,26400.0,25800.0,26100.0,15360.0,400815500.0,191678400000.0,7344000,KOSPI,tradable_ohlcv
2003-06-25,26100.0,26800.0,26000.0,26300.0,4180.0,109925500.0,193147200000.0,7344000,KOSPI,tradable_ohlcv
2003-06-26,26650.0,27500.0,26000.0,27300.0,26740.0,719984500.0,200491200000.0,7344000,KOSPI,tradable_ohlcv
2003-06-27,28900.0,28900.0,27100.0,27150.0,10770.0,297878000.0,199389600000.0,7344000,KOSPI,tradable_ohlcv
2003-06-30,27450.0,27500.0,26600.0,27500.0,7890.0,213803000.0,201960000000.0,7344000,KOSPI,tradable_ohlcv
2003-07-01,27000.0,27250.0,27000.0,27100.0,5260.0,142430000.0,199022400000.0,7344000,KOSPI,tradable_ohlcv
2003-07-02,27500.0,27800.0,27000.0,27350.0,22239.0,603842150.0,200858400000.0,7344000,KOSPI,tradable_ohlcv
2003-07-03,27500.0,27500.0,26800.0,27000.0,25660.0,692955500.0,198288000000.0,7344000,KOSPI,tradable_ohlcv
2003-07-04,26800.0,27200.0,26500.0,26700.0,5620.0,150203500.0,196084800000.0,7344000,KOSPI,tradable_ohlcv
2003-07-07,26900.0,27000.0,26500.0,26500.0,6579.0,175255500.0,194616000000.0,7344000,KOSPI,tradable_ohlcv
2003-07-08,26600.0,26600.0,25500.0,25950.0,20010.0,517389000.0,190576800000.0,7344000,KOSPI,tradable_ohlcv
2003-07-09,26200.0,26200.0,24400.0,24850.0,17219.0,433506150.0,182498400000.0,7344000,KOSPI,tradable_ohlcv
2003-07-10,24650.0,25300.0,24500.0,24900.0,21288.0,531147700.0,182865600000.0,7344000,KOSPI,tradable_ohlcv
2003-07-11,25400.0,25400.0,24700.0,25000.0,7960.0,199290500.0,183600000000.0,7344000,KOSPI,tradable_ohlcv
2003-07-14,25400.0,25400.0,24500.0,25000.0,11690.0,291666500.0,183600000000.0,7344000,KOSPI,tradable_ohlcv
2003-07-15,24700.0,25250.0,24300.0,24550.0,12780.0,315737000.0,180295200000.0,7344000,KOSPI,tradable_ohlcv
2003-07-16,24550.0,24700.0,24000.0,24000.0,9457.0,228987000.0,176256000000.0,7344000,KOSPI,tradable_ohlcv
2003-07-18,23750.0,23750.0,23000.0,23300.0,9260.0,215453500.0,171115200000.0,7344000,KOSPI,tradable_ohlcv
2003-07-21,22650.0,23250.0,22150.0,22400.0,37260.0,836882500.0,164505600000.0,7344000,KOSPI,tradable_ohlcv
2003-07-22,21950.0,23150.0,21950.0,22500.0,5680.0,128085500.0,165240000000.0,7344000,KOSPI,tradable_ohlcv
2003-07-23,22400.0,23950.0,22400.0,23700.0,8600.0,202017000.0,174052800000.0,7344000,KOSPI,tradable_ohlcv
2003-07-24,23700.0,24000.0,23500.0,23800.0,4320.0,102488000.0,174787200000.0,7344000,KOSPI,tradable_ohlcv
2003-07-25,23500.0,24000.0,23500.0,23550.0,6270.0,147866000.0,172951200000.0,7344000,KOSPI,tradable_ohlcv
2003-07-28,24250.0,24300.0,23500.0,23900.0,6390.0,153166000.0,175521600000.0,7344000,KOSPI,tradable_ohlcv
2003-07-29,24200.0,24450.0,23700.0,24300.0,10030.0,242608500.0,178459200000.0,7344000,KOSPI,tradable_ohlcv
2003-07-30,24300.0,24900.0,24050.0,24900.0,13240.0,324406000.0,182865600000.0,7344000,KOSPI,tradable_ohlcv
2003-07-31,25350.0,25900.0,25200.0,25850.0,20520.0,523970000.0,189842400000.0,7344000,KOSPI,tradable_ohlcv
2003-08-01,26450.0,26450.0,25500.0,25850.0,7010.0,181010000.0,189842400000.0,7344000,KOSPI,tradable_ohlcv
2003-08-04,25450.0,25800.0,25300.0,25800.0,22110.0,566560500.0,189475200000.0,7344000,KOSPI,tradable_ohlcv
2003-08-05,26000.0,26100.0,25800.0,25800.0,4980.0,129185500.0,189475200000.0,7344000,KOSPI,tradable_ohlcv
2003-08-06,25800.0,26100.0,25800.0,26050.0,3710.0,96123500.0,191311200000.0,7344000,KOSPI,tradable_ohlcv
2003-08-07,25950.0,26150.0,25800.0,25950.0,5160.0,133334000.0,190576800000.0,7344000,KOSPI,tradable_ohlcv
2003-08-08,25600.0,25700.0,25400.0,25550.0,3670.0,93701000.0,187639200000.0,7344000,KOSPI,tradable_ohlcv
2003-08-11,25500.0,26500.0,25500.0,25650.0,12650.0,324766000.0,188373600000.0,7344000,KOSPI,tradable_ohlcv
2003-08-12,26500.0,26500.0,25200.0,25350.0,15260.0,391228500.0,186170400000.0,7344000,KOSPI,tradable_ohlcv
2003-08-13,25800.0,25800.0,25200.0,25450.0,6227.0,158861650.0,186904800000.0,7344000,KOSPI,tradable_ohlcv
2003-08-14,25800.0,26000.0,25150.0,26000.0,16760.0,430270500.0,190944000000.0,7344000,KOSPI,tradable_ohlcv
2003-08-18,26000.0,26400.0,25350.0,26000.0,13221.0,343040500.0,190944000000.0,7344000,KOSPI,tradable_ohlcv
2003-08-19,26100.0,27000.0,25400.0,26550.0,33579.0,877665950.0,194983200000.0,7344000,KOSPI,tradable_ohlcv
2003-08-20,26950.0,27000.0,25750.0,26300.0,21589.0,567225200.0,193147200000.0,7344000,KOSPI,tradable_ohlcv
2003-08-21,26300.0,29900.0,26300.0,28600.0,93440.0,2655253500.0,210038400000.0,7344000,KOSPI,tradable_ohlcv
2003-08-22,28050.0,28600.0,27700.0,27700.0,17090.0,481331500.0,203428800000.0,7344000,KOSPI,tradable_ohlcv
2003-08-25,28100.0,28300.0,27050.0,27450.0,34753.0,958497850.0,201592800000.0,7344000,KOSPI,tradable_ohlcv
2003-08-26,27100.0,27900.0,26900.0,27000.0,13541.0,367376500.0,198288000000.0,7344000,KOSPI,tradable_ohlcv
2003-08-27,27200.0,27500.0,27000.0,27300.0,6410.0,174158500.0,200491200000.0,7344000,KOSPI,tradable_ohlcv
2003-08-28,27600.0,27900.0,26500.0,26900.0,11830.0,320520500.0,197553600000.0,7344000,KOSPI,tradable_ohlcv
2003-08-29,26500.0,27000.0,26500.0,26850.0,6760.0,181028500.0,197186400000.0,7344000,KOSPI,tradable_ohlcv
2003-09-01,26950.0,26950.0,25900.0,26200.0,11980.0,316299000.0,192412800000.0,7344000,KOSPI,tradable_ohlcv
2003-09-02,25800.0,27350.0,25800.0,27200.0,7710.0,207631500.0,199756800000.0,7344000,KOSPI,tradable_ohlcv
2003-09-03,26550.0,27350.0,25900.0,25900.0,15086.0,393596900.0,190209600000.0,7344000,KOSPI,tradable_ohlcv
2003-09-04,25600.0,26200.0,25300.0,25650.0,6330.0,163341000.0,188373600000.0,7344000,KOSPI,tradable_ohlcv
2003-09-05,25550.0,26300.0,25500.0,26000.0,6204.0,161527500.0,190944000000.0,7344000,KOSPI,tradable_ohlcv
2003-09-08,26100.0,26500.0,25700.0,25700.0,3715.0,96696500.0,188740800000.0,7344000,KOSPI,tradable_ohlcv
2003-09-09,25200.0,25850.0,24800.0,24800.0,25321.0,637397300.0,182131200000.0,7344000,KOSPI,tradable_ohlcv
2003-09-15,27400.0,27400.0,25850.0,26100.0,23331.0,613987600.0,191678400000.0,7344000,KOSPI,tradable_ohlcv
2003-09-16,26300.0,26300.0,25500.0,26000.0,6650.0,172331000.0,190944000000.0,7344000,KOSPI,tradable_ohlcv
2003-09-17,25600.0,26000.0,25500.0,25550.0,4520.0,115794500.0,187639200000.0,7344000,KOSPI,tradable_ohlcv
2003-09-18,25100.0,26300.0,25100.0,26300.0,6671.0,171593300.0,193147200000.0,7344000,KOSPI,tradable_ohlcv
2003-09-19,26400.0,26400.0,26000.0,26000.0,5864.0,153973500.0,190944000000.0,7344000,KOSPI,tradable_ohlcv
2003-09-22,25450.0,26500.0,25250.0,25300.0,8600.0,223619000.0,185803200000.0,7344000,KOSPI,tradable_ohlcv
2003-09-23,25300.0,25800.0,25300.0,25600.0,7120.0,181262000.0,188006400000.0,7344000,KOSPI,tradable_ohlcv
2003-09-24,26000.0,26000.0,24500.0,24650.0,6802.0,169718300.0,181029600000.0,7344000,KOSPI,tradable_ohlcv
2003-09-25,24500.0,25000.0,24000.0,24550.0,7450.0,181352000.0,180295200000.0,7344000,KOSPI,tradable_ohlcv
2003-09-26,24500.0,24850.0,24050.0,24500.0,8060.0,197045000.0,179928000000.0,7344000,KOSPI,tradable_ohlcv
2003-09-29,24750.0,25900.0,24100.0,25900.0,6410.0,161068000.0,190209600000.0,7344000,KOSPI,tradable_ohlcv
2003-09-30,25550.0,26000.0,24900.0,25000.0,11512.0,290285000.0,183600000000.0,7344000,KOSPI,tradable_ohlcv
2003-10-01,25700.0,25700.0,24800.0,25000.0,2280.0,57038500.0,183600000000.0,7344000,KOSPI,tradable_ohlcv
2003-10-02,25750.0,25750.0,24450.0,24450.0,9050.0,225369000.0,179560800000.0,7344000,KOSPI,tradable_ohlcv
2003-10-06,24550.0,24550.0,23700.0,24100.0,7582.0,183893700.0,176990400000.0,7344000,KOSPI,tradable_ohlcv
2003-10-07,24150.0,24400.0,24000.0,24050.0,6540.0,158032500.0,176623200000.0,7344000,KOSPI,tradable_ohlcv
2003-10-08,24300.0,24300.0,24000.0,24000.0,1180.0,28423500.0,176256000000.0,7344000,KOSPI,tradable_ohlcv
2003-10-09,24000.0,24600.0,24000.0,24400.0,11400.0,278299500.0,179193600000.0,7344000,KOSPI,tradable_ohlcv
2003-10-10,24200.0,24850.0,24000.0,24850.0,6520.0,159928500.0,182498400000.0,7344000,KOSPI,tradable_ohlcv
2003-10-13,24500.0,25600.0,24150.0,24550.0,4630.0,114281500.0,180295200000.0,7344000,KOSPI,tradable_ohlcv
2003-10-14,24500.0,25200.0,24500.0,25200.0,4491.0,112339200.0,185068800000.0,7344000,KOSPI,tradable_ohlcv
2003-10-15,25500.0,25500.0,24750.0,24950.0,10681.0,269090450.0,183232800000.0,7344000,KOSPI,tradable_ohlcv
2003-10-16,24700.0,25500.0,24500.0,25500.0,8620.0,217266000.0,187272000000.0,7344000,KOSPI,tradable_ohlcv
2003-10-17,25200.0,26200.0,25150.0,25450.0,8299.0,213870050.0,186904800000.0,7344000,KOSPI,tradable_ohlcv
2003-10-20,25800.0,25850.0,25250.0,25800.0,3560.0,91819500.0,189475200000.0,7344000,KOSPI,tradable_ohlcv
2003-10-21,25750.0,26100.0,25200.0,26100.0,8387.0,217507200.0,191678400000.0,7344000,KOSPI,tradable_ohlcv
2003-10-22,25550.0,26200.0,25400.0,25750.0,5280.0,136299000.0,189108000000.0,7344000,KOSPI,tradable_ohlcv
2003-10-23,25150.0,25800.0,24850.0,25000.0,15090.0,382333000.0,183600000000.0,7344000,KOSPI,tradable_ohlcv
2003-10-24,26400.0,26400.0,24600.0,25350.0,3610.0,91225000.0,186170400000.0,7344000,KOSPI,tradable_ohlcv
2003-10-27,26000.0,26400.0,25350.0,25500.0,8100.0,209175500.0,187272000000.0,7344000,KOSPI,tradable_ohlcv
2003-10-28,25450.0,26000.0,24550.0,26000.0,8950.0,229518000.0,190944000000.0,7344000,KOSPI,tradable_ohlcv
2003-10-29,25500.0,26300.0,25500.0,26000.0,9562.0,248642500.0,190944000000.0,7344000,KOSPI,tradable_ohlcv
2003-10-30,25700.0,26100.0,25700.0,26100.0,2951.0,76443100.0,191678400000.0,7344000,KOSPI,tradable_ohlcv
2003-10-31,25450.0,25900.0,25400.0,25450.0,4094.0,104830300.0,186904800000.0,7344000,KOSPI,tradable_ohlcv
2003-11-03,25500.0,26300.0,25150.0,26300.0,8534.0,218499200.0,193147200000.0,7344000,KOSPI,tradable_ohlcv
2003-11-04,26050.0,26050.0,25300.0,25450.0,7870.0,201264000.0,186904800000.0,7344000,KOSPI,tradable_ohlcv
2003-11-05,25500.0,25900.0,25050.0,25400.0,7080.0,179750000.0,186537600000.0,7344000,KOSPI,tradable_ohlcv
2003-11-06,25350.0,25750.0,25200.0,25200.0,4280.0,108608000.0,185068800000.0,7344000,KOSPI,tradable_ohlcv
2003-11-07,25500.0,25800.0,25100.0,25800.0,6980.0,178100500.0,189475200000.0,7344000,KOSPI,tradable_ohlcv
2003-11-10,25350.0,25400.0,25000.0,25050.0,8280.0,208357500.0,183967200000.0,7344000,KOSPI,tradable_ohlcv
2003-11-11,25050.0,25700.0,25050.0,25100.0,4090.0,103566000.0,184334400000.0,7344000,KOSPI,tradable_ohlcv
2003-11-12,25200.0,25900.0,25200.0,25300.0,2720.0,69495500.0,185803200000.0,7344000,KOSPI,tradable_ohlcv
2003-11-13,25100.0,25650.0,25100.0,25450.0,7470.0,189937500.0,186904800000.0,7344000,KOSPI,tradable_ohlcv
2003-11-14,25450.0,25750.0,25300.0,25450.0,4810.0,122284500.0,186904800000.0,7344000,KOSPI,tradable_ohlcv
2003-11-17,26000.0,26300.0,25450.0,26000.0,19040.0,494268500.0,190944000000.0,7344000,KOSPI,tradable_ohlcv
2003-11-18,26000.0,26300.0,26000.0,26000.0,11430.0,297974000.0,190944000000.0,7344000,KOSPI,tradable_ohlcv
2003-11-19,26250.0,26400.0,25250.0,25850.0,22360.0,578365500.0,189842400000.0,7344000,KOSPI,tradable_ohlcv
2003-11-20,26000.0,26300.0,25900.0,26300.0,13350.0,349687500.0,193147200000.0,7344000,KOSPI,tradable_ohlcv
2003-11-21,26300.0,27200.0,26300.0,26300.0,15610.0,412545000.0,193147200000.0,7344000,KOSPI,tradable_ohlcv
2003-11-24,26300.0,26700.0,25800.0,25900.0,23690.0,621290000.0,190209600000.0,7344000,KOSPI,tradable_ohlcv
2003-11-25,25900.0,26600.0,25600.0,25600.0,25300.0,655117000.0,188006400000.0,7344000,KOSPI,tradable_ohlcv
2003-11-26,25600.0,25950.0,25600.0,25900.0,24180.0,619262000.0,190209600000.0,7344000,KOSPI,tradable_ohlcv
2003-11-27,25900.0,26000.0,25700.0,26000.0,27770.0,718854000.0,190944000000.0,7344000,KOSPI,tradable_ohlcv
2003-11-28,26000.0,27200.0,26000.0,27200.0,34500.0,915076000.0,199756800000.0,7344000,KOSPI,tradable_ohlcv
2003-12-01,27500.0,27500.0,27000.0,27200.0,4980.0,135660000.0,199756800000.0,7344000,KOSPI,tradable_ohlcv
2003-12-02,27300.0,27900.0,27200.0,27800.0,6917.0,190663600.0,204163200000.0,7344000,KOSPI,tradable_ohlcv
2003-12-03,28000.0,29500.0,27800.0,28000.0,13245.0,377524000.0,205632000000.0,7344000,KOSPI,tradable_ohlcv
2003-12-04,27500.0,29500.0,27500.0,29500.0,27385.0,789496000.0,216648000000.0,7344000,KOSPI,tradable_ohlcv
2003-12-05,29600.0,30000.0,29500.0,29800.0,11020.0,325366500.0,218851200000.0,7344000,KOSPI,tradable_ohlcv
2003-12-08,29800.0,30400.0,28500.0,30400.0,29070.0,865116500.0,223257600000.0,7344000,KOSPI,tradable_ohlcv
2003-12-09,30400.0,30400.0,29850.0,30350.0,1410.0,42578000.0,222890400000.0,7344000,KOSPI,tradable_ohlcv
2003-12-10,30350.0,30350.0,29000.0,29600.0,30890.0,920866000.0,217382400000.0,7344000,KOSPI,tradable_ohlcv
2003-12-11,29600.0,30000.0,27800.0,27800.0,32338.0,944371900.0,204163200000.0,7344000,KOSPI,tradable_ohlcv
2003-12-12,28300.0,29500.0,28300.0,29500.0,17450.0,504253500.0,216648000000.0,7344000,KOSPI,tradable_ohlcv
2003-12-15,31000.0,31000.0,29500.0,30600.0,35706.0,1074560100.0,224726400000.0,7344000,KOSPI,tradable_ohlcv
2003-12-16,29300.0,30500.0,29300.0,30500.0,6140.0,184705500.0,223992000000.0,7344000,KOSPI,tradable_ohlcv
2003-12-17,30000.0,30250.0,29350.0,29800.0,7040.0,209928000.0,218851200000.0,7344000,KOSPI,tradable_ohlcv
2003-12-18,30200.0,30800.0,29400.0,29400.0,2440.0,73232000.0,215913600000.0,7344000,KOSPI,tradable_ohlcv
2003-12-19,29950.0,30400.0,29100.0,30300.0,10450.0,313606000.0,222523200000.0,7344000,KOSPI,tradable_ohlcv
2003-12-22,29600.0,30400.0,29600.0,29850.0,1180.0,35377000.0,219218400000.0,7344000,KOSPI,tradable_ohlcv
2003-12-23,29250.0,30100.0,29250.0,29250.0,3560.0,105922500.0,214812000000.0,7344000,KOSPI,tradable_ohlcv
2003-12-24,29800.0,29850.0,28600.0,28600.0,4040.0,117250000.0,210038400000.0,7344000,KOSPI,tradable_ohlcv
2003-12-26,28850.0,28900.0,27800.0,28600.0,4340.0,122342500.0,210038400000.0,7344000,KOSPI,tradable_ohlcv
2003-12-29,28400.0,28900.0,27150.0,28300.0,4270.0,120970000.0,207835200000.0,7344000,KOSPI,tradable_ohlcv
2003-12-30,29000.0,29000.0,27800.0,28300.0,1190.0,33617000.0,207835200000.0,7344000,KOSPI,tradable_ohlcv
