d,o,h,l,c,v,a,mc,s,m
2022-01-03,4430.0,4490.0,4405.0,4485.0,249468.0,1109987220.0,73732942530.0,16439898,KOSDAQ
2022-01-04,4495.0,4510.0,4435.0,4500.0,252399.0,1130106700.0,73979541000.0,16439898,KOSDAQ
2022-01-05,4505.0,4560.0,4435.0,4490.0,272709.0,1224453650.0,73815142020.0,16439898,KOSDAQ
2022-01-06,4430.0,4485.0,4310.0,4340.0,215262.0,943916340.0,71349157320.0,16439898,KOSDAQ
2022-01-07,4340.0,4500.0,4320.0,4465.0,148598.0,656926930.0,73404144570.0,16439898,KOSDAQ
2022-01-10,4475.0,4475.0,4365.0,4370.0,92695.0,407034385.0,71842354260.0,16439898,KOSDAQ
2022-01-11,4375.0,4385.0,4210.0,4220.0,164864.0,705090220.0,69376369560.0,16439898,KOSDAQ
2022-01-12,4265.0,4315.0,4225.0,4305.0,117221.0,499796830.0,70773760890.0,16439898,KOSDAQ
2022-01-13,4340.0,4340.0,4260.0,4320.0,91958.0,395164940.0,71020359360.0,16439898,KOSDAQ
2022-01-14,4310.0,4310.0,4205.0,4220.0,96501.0,411084030.0,69376369560.0,16439898,KOSDAQ
2022-01-17,4220.0,4220.0,4060.0,4105.0,133895.0,551018155.0,67485781290.0,16439898,KOSDAQ
2022-01-18,4090.0,4185.0,4025.0,4055.0,91589.0,374504375.0,66663786390.0,16439898,KOSDAQ
2022-01-19,4045.0,4075.0,3960.0,4000.0,89217.0,357530000.0,65759592000.0,16439898,KOSDAQ
2022-01-20,3970.0,4070.0,3950.0,4045.0,87441.0,352079025.0,66499387410.0,16439898,KOSDAQ
2022-01-21,4045.0,4070.0,3995.0,4030.0,85029.0,341858300.0,66252788940.0,16439898,KOSDAQ
2022-01-24,3995.0,4020.0,3865.0,3870.0,129493.0,505521090.0,63622405260.0,16439898,KOSDAQ
2022-01-25,3865.0,3900.0,3700.0,3720.0,154459.0,583303275.0,61156420560.0,16439898,KOSDAQ
2022-01-26,3675.0,3780.0,3675.0,3720.0,103638.0,386663490.0,61156420560.0,16439898,KOSDAQ
2022-01-27,3720.0,3765.0,3605.0,3640.0,135599.0,496276505.0,59841228720.0,16439898,KOSDAQ
2022-01-28,3650.0,3765.0,3585.0,3755.0,99992.0,368163380.0,61731816990.0,16439898,KOSDAQ
2022-02-03,3775.0,3925.0,3775.0,3880.0,104348.0,403623370.0,63786804240.0,16439898,KOSDAQ
2022-02-04,3860.0,3935.0,3860.0,3910.0,59812.0,233070345.0,64280001180.0,16439898,KOSDAQ
2022-02-07,3930.0,3960.0,3885.0,3935.0,66400.0,259814470.0,64690998630.0,16439898,KOSDAQ
2022-02-08,3935.0,3955.0,3850.0,3900.0,93729.0,365995450.0,64115602200.0,16439898,KOSDAQ
2022-02-09,3910.0,3965.0,3910.0,3960.0,49426.0,194744435.0,65101996080.0,16439898,KOSDAQ
2022-02-10,3960.0,4000.0,3930.0,3950.0,64517.0,255356345.0,64937597100.0,16439898,KOSDAQ
2022-02-11,3910.0,3920.0,3850.0,3850.0,52589.0,203829790.0,63293607300.0,16439898,KOSDAQ
2022-02-14,3765.0,3810.0,3680.0,3705.0,87081.0,323558880.0,60909822090.0,16439898,KOSDAQ
2022-02-15,3670.0,3715.0,3615.0,3645.0,87227.0,320069845.0,59923428210.0,16439898,KOSDAQ
2022-02-16,3665.0,3795.0,3665.0,3755.0,45099.0,168652990.0,61731816990.0,16439898,KOSDAQ
2022-02-17,3805.0,3885.0,3745.0,3800.0,95896.0,364255445.0,62471612400.0,16439898,KOSDAQ
2022-02-18,3765.0,3840.0,3735.0,3840.0,34265.0,129844715.0,63129208320.0,16439898,KOSDAQ
2022-02-21,3820.0,3830.0,3755.0,3800.0,35185.0,133318980.0,62471612400.0,16439898,KOSDAQ
2022-02-22,3695.0,3750.0,3685.0,3715.0,95928.0,355410850.0,61074221070.0,16439898,KOSDAQ
2022-02-23,3700.0,3780.0,3695.0,3755.0,59105.0,220259190.0,61731816990.0,16439898,KOSDAQ
2022-02-24,3715.0,3770.0,3650.0,3710.0,75149.0,277658125.0,60992021580.0,16439898,KOSDAQ
2022-02-25,3735.0,3805.0,3725.0,3780.0,72175.0,270578700.0,62142814440.0,16439898,KOSDAQ
2022-02-28,3805.0,3805.0,3755.0,3780.0,35718.0,134857785.0,62142814440.0,16439898,KOSDAQ
2022-03-02,3785.0,3860.0,3750.0,3845.0,65699.0,250432265.0,63211407810.0,16439898,KOSDAQ
2022-03-03,3865.0,3940.0,3845.0,3895.0,93127.0,362232605.0,64033402710.0,16439898,KOSDAQ
2022-03-04,3875.0,3915.0,3825.0,3895.0,48960.0,189182035.0,64033402710.0,16439898,KOSDAQ
2022-03-07,3870.0,3870.0,3755.0,3760.0,47864.0,181716725.0,61814016480.0,16439898,KOSDAQ
2022-03-08,3710.0,3745.0,3670.0,3705.0,53737.0,199009675.0,60909822090.0,16439898,KOSDAQ
2022-03-10,3720.0,3805.0,3720.0,3780.0,47160.0,177403170.0,62142814440.0,16439898,KOSDAQ
2022-03-11,3795.0,3815.0,3760.0,3790.0,39102.0,148441435.0,62307213420.0,16439898,KOSDAQ
2022-03-14,3860.0,3920.0,3795.0,3810.0,82148.0,315539095.0,62636011380.0,16439898,KOSDAQ
2022-03-15,3770.0,3855.0,3770.0,3835.0,56932.0,217404660.0,63047008830.0,16439898,KOSDAQ
2022-03-16,3860.0,3890.0,3845.0,3885.0,38621.0,149281885.0,63869003730.0,16439898,KOSDAQ
2022-03-17,3925.0,3925.0,3885.0,3920.0,43936.0,171525490.0,64444400160.0,16439898,KOSDAQ
2022-03-18,3920.0,3935.0,3900.0,3920.0,55057.0,215556410.0,64444400160.0,16439898,KOSDAQ
2022-03-21,3895.0,3945.0,3885.0,3900.0,44203.0,172664760.0,64115602200.0,16439898,KOSDAQ
2022-03-22,3900.0,3950.0,3900.0,3920.0,63031.0,247022980.0,64444400160.0,16439898,KOSDAQ
2022-03-23,3945.0,3975.0,3920.0,3970.0,58911.0,232680155.0,65266395060.0,16439898,KOSDAQ
2022-03-24,3975.0,3980.0,3935.0,3970.0,42048.0,166413555.0,65266395060.0,16439898,KOSDAQ
2022-03-25,3970.0,4010.0,3950.0,3960.0,62016.0,247012090.0,65101996080.0,16439898,KOSDAQ
2022-03-28,3960.0,3985.0,3945.0,3970.0,47920.0,190050165.0,65266395060.0,16439898,KOSDAQ
2022-03-29,3970.0,4010.0,3970.0,3975.0,57266.0,228556240.0,65348594550.0,16439898,KOSDAQ
2022-03-30,4000.0,4045.0,3990.0,3990.0,52385.0,210121250.0,65595193020.0,16439898,KOSDAQ
2022-03-31,4000.0,4045.0,3970.0,4025.0,73774.0,295390900.0,66170589450.0,16439898,KOSDAQ
2022-04-01,4005.0,4040.0,3985.0,4020.0,110673.0,445030165.0,66088389960.0,16439898,KOSDAQ
2022-04-04,4015.0,4055.0,4000.0,4035.0,98360.0,394994830.0,66334988430.0,16439898,KOSDAQ
2022-04-05,4010.0,4050.0,3995.0,4040.0,84220.0,338703875.0,66417187920.0,16439898,KOSDAQ
2022-04-06,4100.0,4110.0,4000.0,4010.0,120648.0,487693925.0,65923990980.0,16439898,KOSDAQ
2022-04-07,4000.0,4000.0,3880.0,3915.0,117661.0,461597035.0,64362200670.0,16439898,KOSDAQ
2022-04-08,3910.0,3930.0,3870.0,3900.0,57097.0,222704740.0,64115602200.0,16439898,KOSDAQ
2022-04-11,3900.0,3940.0,3880.0,3890.0,33687.0,131621010.0,63951203220.0,16439898,KOSDAQ
2022-04-12,3835.0,3885.0,3810.0,3850.0,40192.0,154207695.0,63293607300.0,16439898,KOSDAQ
2022-04-13,3850.0,3950.0,3850.0,3940.0,43305.0,169263550.0,64773198120.0,16439898,KOSDAQ
2022-04-14,3940.0,4025.0,3915.0,3945.0,64717.0,257193365.0,64855397610.0,16439898,KOSDAQ
2022-04-15,3930.0,4005.0,3925.0,3980.0,43932.0,174331485.0,65430794040.0,16439898,KOSDAQ
2022-04-18,3990.0,4075.0,3990.0,4055.0,105171.0,425131880.0,66663786390.0,16439898,KOSDAQ
2022-04-19,4055.0,4090.0,4050.0,4070.0,53456.0,217418300.0,66910384860.0,16439898,KOSDAQ
2022-04-20,4075.0,4130.0,4050.0,4055.0,107813.0,441047410.0,66663786390.0,16439898,KOSDAQ
2022-04-21,4055.0,4160.0,4035.0,4115.0,80914.0,332221535.0,67650180270.0,16439898,KOSDAQ
2022-04-22,4115.0,4155.0,4070.0,4100.0,55017.0,225946715.0,67403581800.0,16439898,KOSDAQ
2022-04-25,4045.0,4075.0,3970.0,3970.0,65328.0,262125180.0,65266395060.0,16439898,KOSDAQ
2022-04-26,3975.0,4060.0,3975.0,3995.0,43301.0,173535445.0,65677392510.0,16439898,KOSDAQ
2022-04-27,3975.0,3985.0,3900.0,3950.0,31361.0,123539675.0,64937597100.0,16439898,KOSDAQ
2022-04-28,3950.0,4000.0,3920.0,3960.0,54636.0,215928705.0,65101996080.0,16439898,KOSDAQ
2022-04-29,3960.0,4095.0,3930.0,4005.0,96884.0,388114680.0,65841791490.0,16439898,KOSDAQ
2022-05-02,3975.0,3975.0,3895.0,3960.0,66799.0,262833315.0,65101996080.0,16439898,KOSDAQ
2022-05-03,3955.0,3980.0,3925.0,3960.0,38829.0,153513985.0,65101996080.0,16439898,KOSDAQ
2022-05-04,3965.0,4110.0,3960.0,4040.0,161881.0,652552315.0,66417187920.0,16439898,KOSDAQ
2022-05-06,4020.0,4020.0,3890.0,3925.0,95435.0,375275925.0,64526599650.0,16439898,KOSDAQ
2022-05-09,3920.0,4320.0,3800.0,3800.0,1844684.0,7574177225.0,62471612400.0,16439898,KOSDAQ
2022-05-10,3810.0,3845.0,3645.0,3800.0,175886.0,659292910.0,62471612400.0,16439898,KOSDAQ
2022-05-11,3800.0,3840.0,3730.0,3765.0,79096.0,299232790.0,61896215970.0,16439898,KOSDAQ
2022-05-12,3745.0,3795.0,3655.0,3680.0,109275.0,405841655.0,60498824640.0,16439898,KOSDAQ
2022-05-13,3680.0,3765.0,3680.0,3745.0,47411.0,176989580.0,61567418010.0,16439898,KOSDAQ
2022-05-16,3760.0,3810.0,3745.0,3745.0,48581.0,183275890.0,61567418010.0,16439898,KOSDAQ
2022-05-17,3750.0,3825.0,3750.0,3800.0,65762.0,249107475.0,62471612400.0,16439898,KOSDAQ
2022-05-18,3875.0,3885.0,3795.0,3805.0,116093.0,444902560.0,62553811890.0,16439898,KOSDAQ
2022-05-19,3740.0,3750.0,3670.0,3710.0,62600.0,231929330.0,60992021580.0,16439898,KOSDAQ
2022-05-20,3710.0,3760.0,3710.0,3750.0,23100.0,86295825.0,61649617500.0,16439898,KOSDAQ
2022-05-23,3755.0,3785.0,3700.0,3730.0,43576.0,162613010.0,61320819540.0,16439898,KOSDAQ
2022-05-24,3730.0,3730.0,3655.0,3690.0,54767.0,201760695.0,60663223620.0,16439898,KOSDAQ
2022-05-25,3655.0,3690.0,3625.0,3640.0,50861.0,186104595.0,59841228720.0,16439898,KOSDAQ
2022-05-26,3635.0,3700.0,3600.0,3645.0,42130.0,153807335.0,59923428210.0,16439898,KOSDAQ
2022-05-27,3650.0,3680.0,3650.0,3655.0,26792.0,98171090.0,60087827190.0,16439898,KOSDAQ
2022-05-30,3665.0,3720.0,3665.0,3675.0,38174.0,141033060.0,60416625150.0,16439898,KOSDAQ
2022-05-31,3680.0,3710.0,3675.0,3685.0,20764.0,76606380.0,60581024130.0,16439898,KOSDAQ
2022-06-02,3690.0,3710.0,3665.0,3680.0,40133.0,147600530.0,60498824640.0,16439898,KOSDAQ
2022-06-03,3710.0,3715.0,3685.0,3695.0,23711.0,87718545.0,60745423110.0,16439898,KOSDAQ
2022-06-07,3690.0,3690.0,3645.0,3665.0,31580.0,115623470.0,60252226170.0,16439898,KOSDAQ
2022-06-08,3635.0,3665.0,3615.0,3615.0,32431.0,117955225.0,59430231270.0,16439898,KOSDAQ
2022-06-09,3615.0,3615.0,3570.0,3575.0,44232.0,158420530.0,58772635350.0,16439898,KOSDAQ
2022-06-10,3570.0,3590.0,3510.0,3550.0,54555.0,193570520.0,58361637900.0,16439898,KOSDAQ
2022-06-13,3455.0,3535.0,3355.0,3355.0,91838.0,314379035.0,55155857790.0,16439898,KOSDAQ
2022-06-14,3230.0,3330.0,3195.0,3255.0,126704.0,411002950.0,53511867990.0,16439898,KOSDAQ
2022-06-15,3205.0,3270.0,3040.0,3065.0,151181.0,470529480.0,50388287370.0,16439898,KOSDAQ
2022-06-16,3130.0,3265.0,3085.0,3100.0,75525.0,240316630.0,50963683800.0,16439898,KOSDAQ
2022-06-17,3060.0,3170.0,2970.0,3150.0,75496.0,230282000.0,51785678700.0,16439898,KOSDAQ
2022-06-20,3150.0,3185.0,2900.0,3000.0,101228.0,302426060.0,49319694000.0,16439898,KOSDAQ
2022-06-21,2995.0,3110.0,2975.0,3055.0,42447.0,128742515.0,50223888390.0,16439898,KOSDAQ
2022-06-22,3055.0,3360.0,2655.0,2870.0,510204.0,1507249310.0,47182507260.0,16439898,KOSDAQ
2022-06-23,2870.0,2870.0,2585.0,2610.0,278213.0,742419205.0,42908133780.0,16439898,KOSDAQ
2022-06-24,2610.0,2755.0,2610.0,2745.0,79298.0,214027025.0,45127520010.0,16439898,KOSDAQ
2022-06-27,2800.0,2880.0,2745.0,2870.0,51179.0,144340610.0,47182507260.0,16439898,KOSDAQ
2022-06-28,2840.0,2900.0,2680.0,2895.0,48683.0,138222510.0,47593504710.0,16439898,KOSDAQ
2022-06-29,2865.0,2905.0,2815.0,2875.0,23561.0,67017070.0,47264706750.0,16439898,KOSDAQ
2022-06-30,2855.0,2940.0,2785.0,2800.0,99279.0,286322635.0,46031714400.0,16439898,KOSDAQ
2022-07-01,2755.0,2815.0,2675.0,2690.0,55671.0,152228585.0,44223325620.0,16439898,KOSDAQ
2022-07-04,2690.0,2720.0,2580.0,2635.0,44611.0,117213865.0,43319131230.0,16439898,KOSDAQ
2022-07-05,2600.0,2760.0,2600.0,2755.0,41674.0,112606270.0,45291918990.0,16439898,KOSDAQ
2022-07-06,2800.0,2815.0,2645.0,2730.0,42625.0,117143395.0,44880921540.0,16439898,KOSDAQ
2022-07-07,2710.0,2840.0,2710.0,2835.0,44502.0,124328430.0,46607110830.0,16439898,KOSDAQ
2022-07-08,2840.0,2900.0,2840.0,2900.0,24960.0,71997840.0,47675704200.0,16439898,KOSDAQ
2022-07-11,2910.0,2930.0,2870.0,2900.0,15095.0,43762800.0,47675704200.0,16439898,KOSDAQ
2022-07-12,2855.0,2940.0,2755.0,2790.0,46150.0,128652075.0,45867315420.0,16439898,KOSDAQ
2022-07-13,2790.0,2860.0,2710.0,2845.0,35219.0,98695775.0,46771509810.0,16439898,KOSDAQ
2022-07-14,2785.0,2840.0,2735.0,2795.0,28561.0,79719890.0,45949514910.0,16439898,KOSDAQ
2022-07-15,2795.0,2795.0,2710.0,2785.0,33249.0,91409920.0,45785115930.0,16439898,KOSDAQ
2022-07-18,2785.0,2850.0,2785.0,2835.0,33800.0,95296345.0,46607110830.0,16439898,KOSDAQ
2022-07-19,2835.0,2910.0,2820.0,2890.0,28396.0,81463320.0,47511305220.0,16439898,KOSDAQ
2022-07-20,2930.0,2945.0,2895.0,2945.0,32460.0,94910030.0,48415499610.0,16439898,KOSDAQ
2022-07-21,2960.0,2960.0,2915.0,2925.0,25992.0,76304500.0,48086701650.0,16439898,KOSDAQ
2022-07-22,2920.0,2955.0,2890.0,2935.0,22810.0,66870450.0,48251100630.0,16439898,KOSDAQ
2022-07-25,3160.0,3400.0,2975.0,2975.0,709756.0,2209736450.0,48908696550.0,16439898,KOSDAQ
2022-07-26,3000.0,3020.0,2935.0,3015.0,90759.0,270535375.0,49566292470.0,16439898,KOSDAQ
2022-07-27,3030.0,3030.0,2950.0,2980.0,35490.0,105899945.0,48990896040.0,16439898,KOSDAQ
2022-07-28,2985.0,3050.0,2970.0,2980.0,35147.0,105149405.0,48990896040.0,16439898,KOSDAQ
2022-07-29,2960.0,3025.0,2940.0,2965.0,78256.0,232511170.0,48744297570.0,16439898,KOSDAQ
2022-08-01,2995.0,3010.0,2930.0,2965.0,43625.0,129515100.0,48744297570.0,16439898,KOSDAQ
2022-08-02,2965.0,3015.0,2940.0,2985.0,41795.0,124701585.0,49073095530.0,16439898,KOSDAQ
2022-08-03,2985.0,3030.0,2970.0,3020.0,33721.0,101441585.0,49648491960.0,16439898,KOSDAQ
2022-08-04,3025.0,3070.0,3025.0,3050.0,31341.0,95207385.0,50141688900.0,16439898,KOSDAQ
2022-08-05,3065.0,3065.0,3040.0,3055.0,21501.0,65630395.0,50223888390.0,16439898,KOSDAQ
2022-08-08,3040.0,3055.0,2995.0,3020.0,17245.0,51987285.0,49648491960.0,16439898,KOSDAQ
2022-08-09,2990.0,3050.0,2990.0,3045.0,19013.0,57429635.0,50059489410.0,16439898,KOSDAQ
2022-08-10,3045.0,3060.0,2990.0,3015.0,15235.0,45778295.0,49566292470.0,16439898,KOSDAQ
2022-08-11,3015.0,3035.0,3010.0,3025.0,13788.0,41639550.0,49730691450.0,16439898,KOSDAQ
2022-08-12,3010.0,3075.0,3010.0,3055.0,16580.0,50465590.0,50223888390.0,16439898,KOSDAQ
2022-08-16,3100.0,3100.0,3050.0,3050.0,17576.0,53925360.0,50141688900.0,16439898,KOSDAQ
2022-08-17,3015.0,3035.0,2960.0,2980.0,32230.0,96350210.0,48990896040.0,16439898,KOSDAQ
2022-08-18,2965.0,2975.0,2895.0,2940.0,66330.0,193420535.0,48333300120.0,16439898,KOSDAQ
2022-08-19,2935.0,2940.0,2870.0,2885.0,22636.0,65685920.0,47429105730.0,16439898,KOSDAQ
2022-08-22,2875.0,2885.0,2790.0,2790.0,38155.0,107527720.0,45867315420.0,16439898,KOSDAQ
2022-08-23,2695.0,2770.0,2695.0,2735.0,31819.0,86696380.0,44963121030.0,16439898,KOSDAQ
2022-08-24,2735.0,2770.0,2730.0,2770.0,28693.0,78871965.0,45538517460.0,16439898,KOSDAQ
2022-08-25,2825.0,2830.0,2770.0,2810.0,21076.0,59160265.0,46196113380.0,16439898,KOSDAQ
2022-08-26,2825.0,2880.0,2825.0,2845.0,27122.0,77109185.0,46771509810.0,16439898,KOSDAQ
2022-08-29,2790.0,2810.0,2750.0,2755.0,27287.0,75599700.0,45291918990.0,16439898,KOSDAQ
2022-08-30,2740.0,2785.0,2740.0,2770.0,24343.0,67459385.0,45538517460.0,16439898,KOSDAQ
2022-08-31,2790.0,2840.0,2755.0,2840.0,40853.0,114255730.0,46689310320.0,16439898,KOSDAQ
2022-09-01,2820.0,2870.0,2780.0,2785.0,36407.0,102715330.0,45785115930.0,16439898,KOSDAQ
2022-09-02,2785.0,3360.0,2780.0,2930.0,9547338.0,30506450765.0,48168901140.0,16439898,KOSDAQ
2022-09-05,2965.0,3100.0,2915.0,2970.0,958803.0,2894669175.0,48826497060.0,16439898,KOSDAQ
2022-09-06,3060.0,3600.0,3055.0,3320.0,10516777.0,36193590865.0,54580461360.0,16439898,KOSDAQ
2022-09-07,3325.0,3395.0,3245.0,3365.0,938082.0,3112156270.0,55320256770.0,16439898,KOSDAQ
2022-09-08,3335.0,3445.0,3170.0,3230.0,995018.0,3301868410.0,53100870540.0,16439898,KOSDAQ
2022-09-13,3255.0,3335.0,3250.0,3280.0,312539.0,1029434405.0,53922865440.0,16439898,KOSDAQ
2022-09-14,3200.0,3220.0,3130.0,3215.0,209336.0,667585485.0,52854272070.0,16439898,KOSDAQ
2022-09-15,3190.0,3250.0,3160.0,3235.0,170104.0,544926205.0,53183070030.0,16439898,KOSDAQ
2022-09-16,3195.0,3255.0,3110.0,3110.0,184810.0,586803125.0,51128082780.0,16439898,KOSDAQ
2022-09-19,3080.0,3100.0,2940.0,2950.0,186709.0,558026950.0,48497699100.0,16439898,KOSDAQ
2022-09-20,2960.0,3040.0,2950.0,3035.0,129995.0,388313405.0,49895090430.0,16439898,KOSDAQ
2022-09-21,3020.0,3030.0,2985.0,3010.0,51614.0,154989070.0,49484092980.0,16439898,KOSDAQ
2022-09-22,2970.0,2995.0,2845.0,2950.0,130548.0,381108630.0,48497699100.0,16439898,KOSDAQ
2022-09-23,2940.0,2945.0,2805.0,2805.0,112290.0,318684830.0,46113913890.0,16439898,KOSDAQ
2022-09-26,2740.0,2785.0,2600.0,2605.0,161672.0,431922935.0,42825934290.0,16439898,KOSDAQ
2022-09-27,2570.0,2655.0,2550.0,2610.0,101048.0,262200245.0,42908133780.0,16439898,KOSDAQ
2022-09-28,2550.0,2650.0,2450.0,2460.0,120141.0,303002045.0,40442149080.0,16439898,KOSDAQ
2022-09-29,2500.0,2560.0,2425.0,2425.0,56908.0,141996545.0,39866752650.0,16439898,KOSDAQ
2022-09-30,2375.0,2470.0,2370.0,2405.0,87820.0,211331480.0,39537954690.0,16439898,KOSDAQ
2022-10-04,2435.0,2510.0,2435.0,2500.0,67336.0,166729100.0,41099745000.0,16439898,KOSDAQ
2022-10-05,2505.0,2545.0,2450.0,2450.0,67403.0,167556440.0,40277750100.0,16439898,KOSDAQ
2022-10-06,2450.0,2545.0,2450.0,2525.0,46759.0,117011645.0,41510742450.0,16439898,KOSDAQ
2022-10-07,2495.0,2540.0,2475.0,2515.0,21565.0,54055250.0,41346343470.0,16439898,KOSDAQ
2022-10-11,2440.0,2450.0,2340.0,2340.0,65820.0,156546910.0,38469361320.0,16439898,KOSDAQ
2022-10-12,2310.0,2340.0,2285.0,2320.0,44227.0,101906830.0,38140563360.0,16439898,KOSDAQ
2022-10-13,2295.0,2315.0,2070.0,2155.0,98852.0,216351865.0,35427980190.0,16439898,KOSDAQ
2022-10-14,2175.0,2330.0,2175.0,2280.0,55180.0,124655125.0,37482967440.0,16439898,KOSDAQ
2022-10-17,2280.0,2380.0,2250.0,2380.0,38407.0,88410175.0,39126957240.0,16439898,KOSDAQ
2022-10-18,2445.0,2460.0,2390.0,2450.0,24339.0,59082525.0,40277750100.0,16439898,KOSDAQ
2022-10-19,2460.0,2510.0,2420.0,2460.0,55139.0,135996055.0,40442149080.0,16439898,KOSDAQ
2022-10-20,2430.0,2475.0,2415.0,2445.0,37238.0,90722680.0,40195550610.0,16439898,KOSDAQ
2022-10-21,2420.0,2470.0,2355.0,2360.0,48252.0,116150355.0,38798159280.0,16439898,KOSDAQ
2022-10-24,2385.0,2440.0,2385.0,2395.0,25697.0,62054050.0,39373555710.0,16439898,KOSDAQ
2022-10-25,2390.0,2435.0,2390.0,2415.0,25055.0,60348230.0,39702353670.0,16439898,KOSDAQ
2022-10-26,2425.0,2430.0,2390.0,2400.0,16532.0,39716395.0,39455755200.0,16439898,KOSDAQ
2022-10-27,2415.0,2500.0,2400.0,2495.0,20712.0,51058735.0,41017545510.0,16439898,KOSDAQ
2022-10-28,2495.0,2495.0,2400.0,2430.0,25769.0,63077755.0,39948952140.0,16439898,KOSDAQ
2022-10-31,2435.0,2490.0,2430.0,2490.0,19800.0,48434415.0,40935346020.0,16439898,KOSDAQ
2022-11-01,2450.0,2580.0,2445.0,2480.0,43573.0,108872490.0,40770947040.0,16439898,KOSDAQ
2022-11-02,2530.0,2555.0,2470.0,2480.0,44238.0,110813620.0,40770947040.0,16439898,KOSDAQ
2022-11-03,2410.0,2495.0,2380.0,2485.0,34644.0,84179715.0,40853146530.0,16439898,KOSDAQ
2022-11-04,2465.0,2500.0,2425.0,2475.0,10431.0,25649410.0,40688747550.0,16439898,KOSDAQ
2022-11-07,2475.0,2485.0,2440.0,2440.0,23590.0,57939925.0,40113351120.0,16439898,KOSDAQ
2022-11-08,2415.0,2495.0,2415.0,2480.0,39749.0,97299350.0,40770947040.0,16439898,KOSDAQ
2022-11-09,2480.0,2545.0,2480.0,2525.0,30941.0,77636065.0,41510742450.0,16439898,KOSDAQ
2022-11-10,2500.0,2525.0,2370.0,2510.0,20852.0,51419710.0,41264143980.0,16439898,KOSDAQ
2022-11-11,2595.0,2595.0,2525.0,2535.0,41930.0,106797415.0,41675141430.0,16439898,KOSDAQ
2022-11-14,2535.0,2740.0,2535.0,2640.0,411793.0,1101073115.0,43401330720.0,16439898,KOSDAQ
2022-11-15,2640.0,2665.0,2585.0,2665.0,46338.0,121629410.0,43812328170.0,16439898,KOSDAQ
2022-11-16,2665.0,2665.0,2565.0,2580.0,86783.0,224998980.0,42414936840.0,16439898,KOSDAQ
2022-11-17,2590.0,2620.0,2540.0,2565.0,41774.0,107600320.0,42168338370.0,16439898,KOSDAQ
2022-11-18,2540.0,2680.0,2540.0,2635.0,81596.0,214390525.0,43319131230.0,16439898,KOSDAQ
2022-11-21,2670.0,2715.0,2640.0,2645.0,60610.0,161886680.0,43483530210.0,16439898,KOSDAQ
2022-11-22,2605.0,2615.0,2550.0,2595.0,20421.0,52898870.0,42661535310.0,16439898,KOSDAQ
2022-11-23,2585.0,2620.0,2565.0,2570.0,24601.0,63509955.0,42250537860.0,16439898,KOSDAQ
2022-11-24,2595.0,2655.0,2580.0,2625.0,20081.0,52694295.0,43154732250.0,16439898,KOSDAQ
2022-11-25,2630.0,2695.0,2600.0,2635.0,38223.0,100630290.0,43319131230.0,16439898,KOSDAQ
2022-11-28,2635.0,2635.0,2560.0,2560.0,42680.0,110224995.0,42086138880.0,16439898,KOSDAQ
2022-11-29,2535.0,2680.0,2450.0,2610.0,52072.0,133153150.0,42908133780.0,16439898,KOSDAQ
2022-11-30,2580.0,2640.0,2580.0,2640.0,48034.0,125234015.0,43401330720.0,16439898,KOSDAQ
2022-12-01,2670.0,2680.0,2600.0,2635.0,47035.0,124315175.0,43319131230.0,16439898,KOSDAQ
2022-12-02,2650.0,2655.0,2605.0,2650.0,27747.0,73132335.0,43565729700.0,16439898,KOSDAQ
2022-12-05,2650.0,2720.0,2635.0,2710.0,73934.0,197816290.0,44552123580.0,16439898,KOSDAQ
2022-12-06,2665.0,2700.0,2650.0,2700.0,43515.0,116346070.0,44387724600.0,16439898,KOSDAQ
2022-12-07,2665.0,2670.0,2605.0,2645.0,21837.0,57750390.0,43483530210.0,16439898,KOSDAQ
2022-12-08,2615.0,2630.0,2505.0,2540.0,28514.0,73096125.0,41757340920.0,16439898,KOSDAQ
2022-12-09,2525.0,2570.0,2515.0,2565.0,29516.0,75123125.0,42168338370.0,16439898,KOSDAQ
2022-12-12,2570.0,2620.0,2560.0,2585.0,29259.0,75645320.0,42497136330.0,16439898,KOSDAQ
2022-12-13,2595.0,2615.0,2525.0,2560.0,25608.0,65478750.0,42086138880.0,16439898,KOSDAQ
2022-12-14,2545.0,2645.0,2545.0,2630.0,29649.0,77053375.0,43236931740.0,16439898,KOSDAQ
2022-12-15,2650.0,2720.0,2610.0,2685.0,44240.0,117714240.0,44141126130.0,16439898,KOSDAQ
2022-12-16,2650.0,2675.0,2600.0,2635.0,30398.0,79821030.0,43319131230.0,16439898,KOSDAQ
2022-12-19,2590.0,2630.0,2560.0,2605.0,24236.0,62573415.0,42825934290.0,16439898,KOSDAQ
2022-12-20,2565.0,2615.0,2535.0,2565.0,79529.0,204064695.0,42168338370.0,16439898,KOSDAQ
2022-12-21,2550.0,2615.0,2510.0,2520.0,27287.0,69494600.0,41428542960.0,16439898,KOSDAQ
2022-12-22,2530.0,3110.0,2515.0,2760.0,6319543.0,18611259740.0,45374118480.0,16439898,KOSDAQ
2022-12-23,2745.0,2780.0,2650.0,2765.0,1301327.0,3653825905.0,45456317970.0,16439898,KOSDAQ
2022-12-26,3110.0,3290.0,2760.0,2785.0,12495479.0,38277560910.0,45785115930.0,16439898,KOSDAQ
2022-12-27,2715.0,3380.0,2675.0,3030.0,13684216.0,42322470100.0,49812890940.0,16439898,KOSDAQ
2022-12-28,3015.0,3065.0,2900.0,2915.0,1778268.0,5286160010.0,47922302670.0,16439898,KOSDAQ
2022-12-29,2840.0,2865.0,2665.0,2680.0,707423.0,1964068625.0,44058926640.0,16439898,KOSDAQ
