d,o,h,l,c,v,a,mc,s,m,rs
2019-01-02,4360.0,4390.0,4100.0,4175.0,116297.0,490825870.0,162302882850.0,38874942,KOSPI,tradable_ohlcv
2019-01-03,4165.0,4325.0,4050.0,4160.0,149960.0,625846430.0,161719758720.0,38874942,KOSPI,tradable_ohlcv
2019-01-04,4160.0,4180.0,4080.0,4145.0,115006.0,472875710.0,161136634590.0,38874942,KOSPI,tradable_ohlcv
2019-01-07,4200.0,4270.0,4145.0,4195.0,143421.0,600413415.0,163080381690.0,38874942,KOSPI,tradable_ohlcv
2019-01-08,4160.0,4385.0,4160.0,4295.0,328078.0,1418291735.0,166967875890.0,38874942,KOSPI,tradable_ohlcv
2019-01-09,4410.0,4410.0,4315.0,4365.0,127604.0,555226555.0,169689121830.0,38874942,KOSPI,tradable_ohlcv
2019-01-10,4380.0,4430.0,4205.0,4290.0,130358.0,562181740.0,166773501180.0,38874942,KOSPI,tradable_ohlcv
2019-01-11,4335.0,4455.0,4265.0,4430.0,185329.0,810905900.0,172215993060.0,38874942,KOSPI,tradable_ohlcv
2019-01-14,4480.0,4980.0,4455.0,4940.0,1546944.0,7448926940.0,192042213480.0,38874942,KOSPI,tradable_ohlcv
2019-01-15,5020.0,5100.0,4910.0,5090.0,749919.0,3757357535.0,197873454780.0,38874942,KOSPI,tradable_ohlcv
2019-01-16,5220.0,5430.0,5090.0,5130.0,780314.0,4102283230.0,199428452460.0,38874942,KOSPI,tradable_ohlcv
2019-01-17,5250.0,5280.0,4960.0,5100.0,477953.0,2435926320.0,198262204200.0,38874942,KOSPI,tradable_ohlcv
2019-01-18,5130.0,5210.0,5020.0,5130.0,285898.0,1464813460.0,199428452460.0,38874942,KOSPI,tradable_ohlcv
2019-01-21,5200.0,5260.0,5070.0,5080.0,263133.0,1354253060.0,197484705360.0,38874942,KOSPI,tradable_ohlcv
2019-01-22,5080.0,5170.0,5010.0,5100.0,138419.0,702980540.0,198262204200.0,38874942,KOSPI,tradable_ohlcv
2019-01-23,5110.0,5450.0,5010.0,5270.0,597922.0,3132816040.0,204870944340.0,38874942,KOSPI,tradable_ohlcv
2019-01-24,5420.0,5470.0,5180.0,5310.0,667682.0,3554915530.0,206425942020.0,38874942,KOSPI,tradable_ohlcv
2019-01-25,5220.0,5550.0,5220.0,5380.0,1069043.0,5822027800.0,209147187960.0,38874942,KOSPI,tradable_ohlcv
2019-01-28,5380.0,5440.0,5300.0,5320.0,374789.0,2012523900.0,206814691440.0,38874942,KOSPI,tradable_ohlcv
2019-01-29,5270.0,5300.0,5070.0,5080.0,370374.0,1908603780.0,197484705360.0,38874942,KOSPI,tradable_ohlcv
2019-01-30,5060.0,5350.0,5020.0,5200.0,634017.0,3300382540.0,202149698400.0,38874942,KOSPI,tradable_ohlcv
2019-01-31,5190.0,5270.0,4895.0,5130.0,526345.0,2674556200.0,199428452460.0,38874942,KOSPI,tradable_ohlcv
2019-02-01,5180.0,5460.0,5150.0,5380.0,548221.0,2928067650.0,209147187960.0,38874942,KOSPI,tradable_ohlcv
2019-02-07,5550.0,5880.0,5390.0,5470.0,711459.0,3934665810.0,212645932740.0,38874942,KOSPI,tradable_ohlcv
2019-02-08,5470.0,5520.0,5340.0,5480.0,283222.0,1538360790.0,213034682160.0,38874942,KOSPI,tradable_ohlcv
2019-02-11,5590.0,5610.0,5290.0,5330.0,290762.0,1573858020.0,207203440860.0,38874942,KOSPI,tradable_ohlcv
2019-02-12,5330.0,5360.0,5130.0,5220.0,253603.0,1332655390.0,202927197240.0,38874942,KOSPI,tradable_ohlcv
2019-02-13,5180.0,5260.0,5000.0,5040.0,465249.0,2366570860.0,195929707680.0,38874942,KOSPI,tradable_ohlcv
2019-02-14,5070.0,5120.0,4955.0,5020.0,237442.0,1187805150.0,195152208840.0,38874942,KOSPI,tradable_ohlcv
2019-02-15,4980.0,5080.0,4910.0,4995.0,184916.0,918935130.0,194180335290.0,38874942,KOSPI,tradable_ohlcv
2019-02-18,5030.0,5080.0,4985.0,5080.0,131682.0,662381770.0,197484705360.0,38874942,KOSPI,tradable_ohlcv
2019-02-19,5110.0,5200.0,5080.0,5130.0,193627.0,993594750.0,199428452460.0,38874942,KOSPI,tradable_ohlcv
2019-02-20,5150.0,5170.0,4980.0,5010.0,231674.0,1165415390.0,194763459420.0,38874942,KOSPI,tradable_ohlcv
2019-02-21,5010.0,5030.0,4820.0,4905.0,200130.0,979299285.0,190681590510.0,38874942,KOSPI,tradable_ohlcv
2019-02-22,4905.0,5050.0,4905.0,4985.0,165683.0,826721100.0,193791585870.0,38874942,KOSPI,tradable_ohlcv
2019-02-25,5000.0,5060.0,4855.0,4950.0,145901.0,718420120.0,192430962900.0,38874942,KOSPI,tradable_ohlcv
2019-02-26,4980.0,5070.0,4920.0,5000.0,100150.0,500225575.0,194374710000.0,38874942,KOSPI,tradable_ohlcv
2019-02-27,5050.0,5090.0,4970.0,5030.0,189151.0,952710525.0,195540958260.0,38874942,KOSPI,tradable_ohlcv
2019-02-28,5110.0,5110.0,4500.0,4500.0,471161.0,2234884970.0,174937239000.0,38874942,KOSPI,tradable_ohlcv
2019-03-04,4290.0,4450.0,4270.0,4280.0,611853.0,2657387355.0,166384751760.0,38874942,KOSPI,tradable_ohlcv
2019-03-05,4220.0,4350.0,4195.0,4310.0,247590.0,1053839360.0,167551000020.0,38874942,KOSPI,tradable_ohlcv
2019-03-06,4280.0,4320.0,4200.0,4205.0,161698.0,685294740.0,163469131110.0,38874942,KOSPI,tradable_ohlcv
2019-03-07,4195.0,4200.0,4070.0,4100.0,185787.0,769013455.0,159387262200.0,38874942,KOSPI,tradable_ohlcv
2019-03-08,4060.0,4125.0,4010.0,4090.0,110194.0,450435170.0,158998512780.0,38874942,KOSPI,tradable_ohlcv
2019-03-11,4075.0,4120.0,4025.0,4100.0,117659.0,477867795.0,159387262200.0,38874942,KOSPI,tradable_ohlcv
2019-03-12,4075.0,4195.0,4060.0,4160.0,128265.0,530748095.0,161719758720.0,38874942,KOSPI,tradable_ohlcv
2019-03-13,4165.0,4165.0,4070.0,4120.0,127385.0,522426200.0,160164761040.0,38874942,KOSPI,tradable_ohlcv
2019-03-14,4170.0,4215.0,4110.0,4215.0,144444.0,600876660.0,163857880530.0,38874942,KOSPI,tradable_ohlcv
2019-03-15,4215.0,4275.0,4025.0,4110.0,346168.0,1431412220.0,159776011620.0,38874942,KOSPI,tradable_ohlcv
2019-03-18,4115.0,4230.0,4115.0,4160.0,95883.0,400206130.0,161719758720.0,38874942,KOSPI,tradable_ohlcv
2019-03-19,4120.0,4235.0,4120.0,4190.0,84067.0,352412175.0,162886006980.0,38874942,KOSPI,tradable_ohlcv
2019-03-20,4190.0,4190.0,4090.0,4110.0,119687.0,492920975.0,159776011620.0,38874942,KOSPI,tradable_ohlcv
2019-03-21,4105.0,4120.0,4035.0,4055.0,136104.0,554630330.0,157637889810.0,38874942,KOSPI,tradable_ohlcv
2019-03-22,4115.0,4115.0,4020.0,4055.0,90330.0,365136385.0,157637889810.0,38874942,KOSPI,tradable_ohlcv
2019-03-25,4010.0,4040.0,3920.0,3950.0,190516.0,754477855.0,153556020900.0,38874942,KOSPI,tradable_ohlcv
2019-03-26,4000.0,4010.0,3930.0,3990.0,75325.0,299612595.0,155111018580.0,38874942,KOSPI,tradable_ohlcv
2019-03-27,4020.0,4020.0,3940.0,3975.0,91424.0,362848565.0,154527894450.0,38874942,KOSPI,tradable_ohlcv
2019-03-28,3930.0,4010.0,3910.0,3980.0,88637.0,350300200.0,154722269160.0,38874942,KOSPI,tradable_ohlcv
2019-03-29,3945.0,4095.0,3925.0,4060.0,183237.0,738606595.0,157832264520.0,38874942,KOSPI,tradable_ohlcv
2019-04-01,4030.0,4115.0,4030.0,4075.0,81101.0,329164285.0,158415388650.0,38874942,KOSPI,tradable_ohlcv
2019-04-02,4090.0,4115.0,4045.0,4070.0,71059.0,289203930.0,158221013940.0,38874942,KOSPI,tradable_ohlcv
2019-04-03,4120.0,4120.0,4055.0,4070.0,76979.0,313728585.0,158221013940.0,38874942,KOSPI,tradable_ohlcv
2019-04-04,4065.0,4110.0,4015.0,4075.0,114946.0,465610825.0,158415388650.0,38874942,KOSPI,tradable_ohlcv
2019-04-05,4060.0,4165.0,4060.0,4135.0,115293.0,476807220.0,160747885170.0,38874942,KOSPI,tradable_ohlcv
2019-04-08,4180.0,4180.0,4085.0,4120.0,75649.0,311083635.0,160164761040.0,38874942,KOSPI,tradable_ohlcv
2019-04-09,4085.0,4110.0,4025.0,4075.0,96549.0,392011815.0,158415388650.0,38874942,KOSPI,tradable_ohlcv
2019-04-10,4080.0,4095.0,4030.0,4080.0,71528.0,290926810.0,158609763360.0,38874942,KOSPI,tradable_ohlcv
2019-04-11,4105.0,4135.0,4030.0,4130.0,110554.0,453958040.0,160553510460.0,38874942,KOSPI,tradable_ohlcv
2019-04-12,4150.0,4240.0,4065.0,4240.0,252672.0,1051568010.0,164829754080.0,38874942,KOSPI,tradable_ohlcv
2019-04-15,4240.0,4245.0,4145.0,4175.0,120331.0,502863790.0,162302882850.0,38874942,KOSPI,tradable_ohlcv
2019-04-16,4150.0,4185.0,4095.0,4135.0,93108.0,383518350.0,160747885170.0,38874942,KOSPI,tradable_ohlcv
2019-04-17,4115.0,4120.0,4050.0,4100.0,105550.0,431245440.0,159387262200.0,38874942,KOSPI,tradable_ohlcv
2019-04-18,4100.0,4100.0,4040.0,4050.0,109013.0,442100150.0,157443515100.0,38874942,KOSPI,tradable_ohlcv
2019-04-19,4080.0,4085.0,4045.0,4050.0,57595.0,234096920.0,157443515100.0,38874942,KOSPI,tradable_ohlcv
2019-04-22,4055.0,4085.0,4045.0,4060.0,48290.0,195798050.0,157832264520.0,38874942,KOSPI,tradable_ohlcv
2019-04-23,4080.0,4090.0,4000.0,4090.0,118588.0,480178840.0,158998512780.0,38874942,KOSPI,tradable_ohlcv
2019-04-24,4090.0,4090.0,4040.0,4075.0,85800.0,348153835.0,158415388650.0,38874942,KOSPI,tradable_ohlcv
2019-04-25,4050.0,4080.0,4005.0,4020.0,110974.0,446231685.0,156277266840.0,38874942,KOSPI,tradable_ohlcv
2019-04-26,4045.0,4125.0,4005.0,4055.0,111910.0,455144920.0,157637889810.0,38874942,KOSPI,tradable_ohlcv
2019-04-29,4070.0,4090.0,4040.0,4070.0,69827.0,283676120.0,158221013940.0,38874942,KOSPI,tradable_ohlcv
2019-04-30,4045.0,4085.0,4015.0,4065.0,70889.0,286500570.0,158026639230.0,38874942,KOSPI,tradable_ohlcv
2019-05-02,4065.0,4080.0,4030.0,4030.0,64924.0,262475040.0,156666016260.0,38874942,KOSPI,tradable_ohlcv
2019-05-03,4030.0,4045.0,3990.0,4005.0,104364.0,418089090.0,155694142710.0,38874942,KOSPI,tradable_ohlcv
2019-05-07,3935.0,4115.0,3870.0,4035.0,158726.0,634229180.0,156860390970.0,38874942,KOSPI,tradable_ohlcv
2019-05-08,4070.0,4070.0,3975.0,4030.0,61525.0,248394755.0,156666016260.0,38874942,KOSPI,tradable_ohlcv
2019-05-09,4070.0,4070.0,3820.0,3850.0,212312.0,828889320.0,149668526700.0,38874942,KOSPI,tradable_ohlcv
2019-05-10,3810.0,3905.0,3750.0,3840.0,152284.0,580842480.0,149279777280.0,38874942,KOSPI,tradable_ohlcv
2019-05-13,3855.0,3855.0,3720.0,3720.0,104330.0,394188775.0,144614784240.0,38874942,KOSPI,tradable_ohlcv
2019-05-14,3600.0,3900.0,3600.0,3750.0,84171.0,314103410.0,145781032500.0,38874942,KOSPI,tradable_ohlcv
2019-05-15,3750.0,3880.0,3715.0,3815.0,69986.0,264423645.0,148307903730.0,38874942,KOSPI,tradable_ohlcv
2019-05-16,3835.0,3890.0,3760.0,3790.0,58183.0,222030155.0,147336030180.0,38874942,KOSPI,tradable_ohlcv
2019-05-17,3785.0,3850.0,3760.0,3760.0,49034.0,186761635.0,146169781920.0,38874942,KOSPI,tradable_ohlcv
2019-05-20,3760.0,3850.0,3710.0,3710.0,58124.0,216841120.0,144226034820.0,38874942,KOSPI,tradable_ohlcv
2019-05-21,3650.0,3720.0,3650.0,3700.0,46624.0,171625315.0,143837285400.0,38874942,KOSPI,tradable_ohlcv
2019-05-22,3740.0,3780.0,3675.0,3700.0,32516.0,120102495.0,143837285400.0,38874942,KOSPI,tradable_ohlcv
2019-05-23,3700.0,3745.0,3590.0,3595.0,103942.0,377217625.0,139755416490.0,38874942,KOSPI,tradable_ohlcv
2019-05-24,3545.0,3595.0,3500.0,3515.0,109053.0,384066225.0,136645421130.0,38874942,KOSPI,tradable_ohlcv
2019-05-27,3480.0,3555.0,3395.0,3410.0,149962.0,515675220.0,132563552220.0,38874942,KOSPI,tradable_ohlcv
2019-05-28,3380.0,3585.0,3380.0,3575.0,121239.0,426327125.0,138977917650.0,38874942,KOSPI,tradable_ohlcv
2019-05-29,3570.0,3570.0,3455.0,3535.0,61370.0,214794230.0,137422919970.0,38874942,KOSPI,tradable_ohlcv
2019-05-30,3500.0,3580.0,3500.0,3565.0,35116.0,124364340.0,138589168230.0,38874942,KOSPI,tradable_ohlcv
2019-05-31,3565.0,3585.0,3525.0,3550.0,54662.0,193902755.0,138006044100.0,38874942,KOSPI,tradable_ohlcv
2019-06-03,3510.0,3935.0,3510.0,3600.0,172395.0,629522955.0,139949791200.0,38874942,KOSPI,tradable_ohlcv
2019-06-04,3620.0,3800.0,3555.0,3705.0,133811.0,490051340.0,144031660110.0,38874942,KOSPI,tradable_ohlcv
2019-06-05,3740.0,3740.0,3640.0,3655.0,52958.0,194054645.0,142087913010.0,38874942,KOSPI,tradable_ohlcv
2019-06-07,3645.0,3775.0,3640.0,3670.0,46606.0,170830975.0,142671037140.0,38874942,KOSPI,tradable_ohlcv
2019-06-10,3675.0,3770.0,3675.0,3720.0,97475.0,361495855.0,144614784240.0,38874942,KOSPI,tradable_ohlcv
2019-06-11,3700.0,3880.0,3700.0,3820.0,105580.0,403412665.0,148502278440.0,38874942,KOSPI,tradable_ohlcv
2019-06-12,3910.0,3925.0,3840.0,3840.0,112396.0,436884770.0,149279777280.0,38874942,KOSPI,tradable_ohlcv
2019-06-13,3840.0,3925.0,3830.0,3915.0,125160.0,487179475.0,152195397930.0,38874942,KOSPI,tradable_ohlcv
2019-06-14,3920.0,3990.0,3810.0,3895.0,127801.0,498717155.0,151417899090.0,38874942,KOSPI,tradable_ohlcv
2019-06-17,3895.0,3895.0,3700.0,3765.0,106568.0,407234285.0,146364156630.0,38874942,KOSPI,tradable_ohlcv
2019-06-18,3765.0,3850.0,3730.0,3750.0,97947.0,369833265.0,145781032500.0,38874942,KOSPI,tradable_ohlcv
2019-06-19,3795.0,3905.0,3795.0,3830.0,183067.0,704078800.0,148891027860.0,38874942,KOSPI,tradable_ohlcv
2019-06-20,3860.0,3890.0,3815.0,3835.0,197367.0,758845930.0,149085402570.0,38874942,KOSPI,tradable_ohlcv
2019-06-21,3830.0,3940.0,3800.0,3805.0,84800.0,325283520.0,147919154310.0,38874942,KOSPI,tradable_ohlcv
2019-06-24,3825.0,3970.0,3825.0,3925.0,224486.0,879066010.0,152584147350.0,38874942,KOSPI,tradable_ohlcv
2019-06-25,3980.0,4005.0,3830.0,3860.0,177844.0,689129485.0,150057276120.0,38874942,KOSPI,tradable_ohlcv
2019-06-26,3865.0,3875.0,3775.0,3835.0,118526.0,453719240.0,149085402570.0,38874942,KOSPI,tradable_ohlcv
2019-06-27,3905.0,3905.0,3740.0,3755.0,140269.0,530365425.0,145975407210.0,38874942,KOSPI,tradable_ohlcv
2019-06-28,3725.0,3800.0,3655.0,3730.0,113054.0,418146730.0,145003533660.0,38874942,KOSPI,tradable_ohlcv
2019-07-01,3905.0,3950.0,3775.0,3830.0,102101.0,393406125.0,148891027860.0,38874942,KOSPI,tradable_ohlcv
2019-07-02,3830.0,3900.0,3820.0,3875.0,64682.0,249844100.0,150640400250.0,38874942,KOSPI,tradable_ohlcv
2019-07-03,3900.0,3900.0,3790.0,3790.0,88886.0,338602705.0,147336030180.0,38874942,KOSPI,tradable_ohlcv
2019-07-04,3790.0,3830.0,3710.0,3745.0,61941.0,232016655.0,145586657790.0,38874942,KOSPI,tradable_ohlcv
2019-07-05,3735.0,3780.0,3700.0,3740.0,45457.0,169421215.0,145392283080.0,38874942,KOSPI,tradable_ohlcv
2019-07-08,3715.0,3740.0,3500.0,3520.0,184421.0,659764005.0,136839795840.0,38874942,KOSPI,tradable_ohlcv
2019-07-09,3520.0,3550.0,3425.0,3425.0,144268.0,499427600.0,133146676350.0,38874942,KOSPI,tradable_ohlcv
2019-07-10,3415.0,3480.0,3395.0,3455.0,74799.0,256528610.0,134312924610.0,38874942,KOSPI,tradable_ohlcv
2019-07-11,3435.0,3580.0,3435.0,3570.0,51379.0,179840890.0,138783542940.0,38874942,KOSPI,tradable_ohlcv
2019-07-12,3555.0,3630.0,3505.0,3575.0,33108.0,118164175.0,138977917650.0,38874942,KOSPI,tradable_ohlcv
2019-07-15,3575.0,3620.0,3440.0,3500.0,66236.0,232178570.0,136062297000.0,38874942,KOSPI,tradable_ohlcv
2019-07-16,3500.0,3550.0,3450.0,3505.0,34995.0,122477780.0,136256671710.0,38874942,KOSPI,tradable_ohlcv
2019-07-17,3505.0,3505.0,3375.0,3415.0,98377.0,334870390.0,132757926930.0,38874942,KOSPI,tradable_ohlcv
2019-07-18,3380.0,3425.0,3370.0,3415.0,27194.0,92348755.0,132757926930.0,38874942,KOSPI,tradable_ohlcv
2019-07-19,3500.0,3535.0,3410.0,3445.0,71006.0,244974150.0,133924175190.0,38874942,KOSPI,tradable_ohlcv
2019-07-22,3470.0,3470.0,3425.0,3425.0,38734.0,133203845.0,133146676350.0,38874942,KOSPI,tradable_ohlcv
2019-07-23,3400.0,3445.0,3390.0,3410.0,64109.0,218475280.0,132563552220.0,38874942,KOSPI,tradable_ohlcv
2019-07-24,3400.0,3440.0,3390.0,3395.0,34521.0,117561875.0,131980428090.0,38874942,KOSPI,tradable_ohlcv
2019-07-25,3380.0,3410.0,3225.0,3270.0,157387.0,514717880.0,127121060340.0,38874942,KOSPI,tradable_ohlcv
2019-07-26,3270.0,3285.0,3170.0,3260.0,136953.0,440538815.0,126732310920.0,38874942,KOSPI,tradable_ohlcv
2019-07-29,3255.0,3310.0,3110.0,3150.0,119173.0,377320370.0,122456067300.0,38874942,KOSPI,tradable_ohlcv
2019-07-30,3105.0,3200.0,3105.0,3155.0,31880.0,100863615.0,122650442010.0,38874942,KOSPI,tradable_ohlcv
2019-07-31,3120.0,3210.0,3085.0,3155.0,54585.0,171412350.0,122650442010.0,38874942,KOSPI,tradable_ohlcv
2019-08-01,3155.0,3160.0,3105.0,3115.0,57280.0,179371740.0,121095444330.0,38874942,KOSPI,tradable_ohlcv
2019-08-02,3080.0,3135.0,3000.0,3065.0,60402.0,185180435.0,119151697230.0,38874942,KOSPI,tradable_ohlcv
2019-08-05,3020.0,3065.0,2685.0,2685.0,272218.0,779194150.0,104379219270.0,38874942,KOSPI,tradable_ohlcv
2019-08-06,2640.0,2725.0,2490.0,2605.0,266586.0,700398700.0,101269223910.0,38874942,KOSPI,tradable_ohlcv
2019-08-07,2605.0,2710.0,2605.0,2700.0,71621.0,191410960.0,104962343400.0,38874942,KOSPI,tradable_ohlcv
2019-08-08,2775.0,2875.0,2700.0,2875.0,61228.0,171574390.0,111765458250.0,38874942,KOSPI,tradable_ohlcv
2019-08-09,2875.0,2950.0,2875.0,2900.0,49517.0,143698960.0,112737331800.0,38874942,KOSPI,tradable_ohlcv
2019-08-12,2900.0,3000.0,2860.0,2990.0,39637.0,117248325.0,116236076580.0,38874942,KOSPI,tradable_ohlcv
2019-08-13,2930.0,2980.0,2855.0,2950.0,77061.0,224155470.0,114681078900.0,38874942,KOSPI,tradable_ohlcv
2019-08-14,2970.0,2990.0,2880.0,2915.0,39498.0,115543780.0,113320455930.0,38874942,KOSPI,tradable_ohlcv
2019-08-16,2910.0,2910.0,2750.0,2870.0,65575.0,184294530.0,111571083540.0,38874942,KOSPI,tradable_ohlcv
2019-08-19,2890.0,3135.0,2805.0,2960.0,90909.0,269082800.0,115069828320.0,38874942,KOSPI,tradable_ohlcv
2019-08-20,2980.0,2995.0,2935.0,2985.0,21366.0,63489575.0,116041701870.0,38874942,KOSPI,tradable_ohlcv
2019-08-21,3005.0,3055.0,2980.0,3025.0,45641.0,137990860.0,117596699550.0,38874942,KOSPI,tradable_ohlcv
2019-08-22,3025.0,3050.0,2975.0,3020.0,35833.0,107650455.0,117402324840.0,38874942,KOSPI,tradable_ohlcv
2019-08-23,3075.0,3075.0,2970.0,2975.0,38736.0,116062465.0,115652952450.0,38874942,KOSPI,tradable_ohlcv
2019-08-26,2950.0,2950.0,2830.0,2865.0,54205.0,154992195.0,111376708830.0,38874942,KOSPI,tradable_ohlcv
2019-08-27,2895.0,2990.0,2810.0,2810.0,49669.0,142456875.0,109238587020.0,38874942,KOSPI,tradable_ohlcv
2019-08-28,2775.0,2870.0,2775.0,2870.0,27006.0,76796425.0,111571083540.0,38874942,KOSPI,tradable_ohlcv
2019-08-29,2910.0,2950.0,2870.0,2895.0,31221.0,90978085.0,112542957090.0,38874942,KOSPI,tradable_ohlcv
2019-08-30,2955.0,2990.0,2920.0,2975.0,28130.0,83384995.0,115652952450.0,38874942,KOSPI,tradable_ohlcv
2019-09-02,2910.0,2980.0,2900.0,2925.0,41613.0,122430305.0,113709205350.0,38874942,KOSPI,tradable_ohlcv
2019-09-03,2925.0,2990.0,2925.0,2950.0,31986.0,94537980.0,114681078900.0,38874942,KOSPI,tradable_ohlcv
2019-09-04,2950.0,3155.0,2950.0,3000.0,114114.0,346397160.0,116624826000.0,38874942,KOSPI,tradable_ohlcv
2019-09-05,3040.0,3105.0,2970.0,3040.0,74684.0,227573115.0,118179823680.0,38874942,KOSPI,tradable_ohlcv
2019-09-06,3040.0,3070.0,2985.0,2995.0,32131.0,96750525.0,116430451290.0,38874942,KOSPI,tradable_ohlcv
2019-09-09,2960.0,3020.0,2935.0,2970.0,43655.0,129335795.0,115458577740.0,38874942,KOSPI,tradable_ohlcv
2019-09-10,3025.0,3145.0,2995.0,3085.0,128310.0,393652155.0,119929196070.0,38874942,KOSPI,tradable_ohlcv
2019-09-11,3190.0,3850.0,3110.0,3495.0,6231782.0,22942731505.0,135867922290.0,38874942,KOSPI,tradable_ohlcv
2019-09-16,3595.0,3830.0,3560.0,3715.0,1532220.0,5671256650.0,144420409530.0,38874942,KOSPI,tradable_ohlcv
2019-09-17,3600.0,3660.0,3500.0,3570.0,451516.0,1611521420.0,138783542940.0,38874942,KOSPI,tradable_ohlcv
2019-09-18,3485.0,3650.0,3440.0,3550.0,362000.0,1283334775.0,138006044100.0,38874942,KOSPI,tradable_ohlcv
2019-09-19,3550.0,3635.0,3490.0,3495.0,170587.0,601594920.0,135867922290.0,38874942,KOSPI,tradable_ohlcv
2019-09-20,3480.0,3560.0,3450.0,3550.0,147887.0,517561885.0,138006044100.0,38874942,KOSPI,tradable_ohlcv
2019-09-23,3595.0,3620.0,3530.0,3570.0,164690.0,587121850.0,138783542940.0,38874942,KOSPI,tradable_ohlcv
2019-09-24,3560.0,3560.0,3425.0,3530.0,160679.0,561085255.0,137228545260.0,38874942,KOSPI,tradable_ohlcv
2019-09-25,3445.0,3500.0,3385.0,3430.0,108384.0,372681405.0,133341051060.0,38874942,KOSPI,tradable_ohlcv
2019-09-26,3430.0,3455.0,3340.0,3410.0,120163.0,408061810.0,132563552220.0,38874942,KOSPI,tradable_ohlcv
2019-09-27,3355.0,3400.0,3300.0,3335.0,69076.0,231350085.0,129647931570.0,38874942,KOSPI,tradable_ohlcv
2019-09-30,3315.0,3380.0,3280.0,3335.0,75530.0,250809375.0,129647931570.0,38874942,KOSPI,tradable_ohlcv
2019-10-01,3315.0,3410.0,3310.0,3350.0,98806.0,331024435.0,130231055700.0,38874942,KOSPI,tradable_ohlcv
2019-10-02,3500.0,3580.0,3370.0,3370.0,166345.0,574882335.0,131008554540.0,38874942,KOSPI,tradable_ohlcv
2019-10-04,3365.0,3405.0,3350.0,3375.0,59241.0,199624755.0,131202929250.0,38874942,KOSPI,tradable_ohlcv
2019-10-07,3260.0,3290.0,3185.0,3195.0,180301.0,578943500.0,124205439690.0,38874942,KOSPI,tradable_ohlcv
2019-10-08,3165.0,3205.0,3130.0,3130.0,72606.0,229917970.0,121678568460.0,38874942,KOSPI,tradable_ohlcv
2019-10-10,3085.0,3170.0,3085.0,3160.0,26855.0,83790395.0,122844816720.0,38874942,KOSPI,tradable_ohlcv
2019-10-11,3160.0,3180.0,3105.0,3125.0,53560.0,167538265.0,121484193750.0,38874942,KOSPI,tradable_ohlcv
2019-10-14,3130.0,3200.0,3120.0,3165.0,36585.0,115756985.0,123039191430.0,38874942,KOSPI,tradable_ohlcv
2019-10-15,3140.0,3170.0,3040.0,3070.0,168096.0,518390430.0,119346071940.0,38874942,KOSPI,tradable_ohlcv
2019-10-16,3070.0,3100.0,3065.0,3090.0,60971.0,187963340.0,120123570780.0,38874942,KOSPI,tradable_ohlcv
2019-10-17,3105.0,3110.0,3060.0,3060.0,49292.0,151941400.0,118957322520.0,38874942,KOSPI,tradable_ohlcv
2019-10-18,3100.0,3245.0,3060.0,3105.0,173368.0,546894530.0,120706694910.0,38874942,KOSPI,tradable_ohlcv
2019-10-21,3110.0,3130.0,3065.0,3070.0,88421.0,274081795.0,119346071940.0,38874942,KOSPI,tradable_ohlcv
2019-10-22,3095.0,3120.0,3075.0,3090.0,51376.0,158691865.0,120123570780.0,38874942,KOSPI,tradable_ohlcv
2019-10-23,3090.0,3090.0,3010.0,3025.0,74379.0,225531655.0,117596699550.0,38874942,KOSPI,tradable_ohlcv
2019-10-24,3025.0,3045.0,2990.0,3040.0,78320.0,235797570.0,118179823680.0,38874942,KOSPI,tradable_ohlcv
2019-10-25,3020.0,3040.0,2985.0,2990.0,61961.0,185820250.0,116236076580.0,38874942,KOSPI,tradable_ohlcv
2019-10-28,2990.0,3030.0,2955.0,2985.0,58128.0,172921720.0,116041701870.0,38874942,KOSPI,tradable_ohlcv
2019-10-29,2960.0,3050.0,2960.0,2980.0,64104.0,191964565.0,115847327160.0,38874942,KOSPI,tradable_ohlcv
2019-10-30,3000.0,3020.0,2975.0,2990.0,54659.0,163248190.0,116236076580.0,38874942,KOSPI,tradable_ohlcv
2019-10-31,2990.0,3580.0,2975.0,3160.0,833687.0,2685200110.0,122844816720.0,38874942,KOSPI,tradable_ohlcv
2019-11-01,3160.0,3190.0,3080.0,3120.0,125058.0,390589660.0,121289819040.0,38874942,KOSPI,tradable_ohlcv
2019-11-04,3215.0,3215.0,3110.0,3150.0,119345.0,376844350.0,122456067300.0,38874942,KOSPI,tradable_ohlcv
2019-11-05,3165.0,3225.0,3165.0,3180.0,106469.0,340089700.0,123622315560.0,38874942,KOSPI,tradable_ohlcv
2019-11-06,3200.0,3250.0,3160.0,3235.0,104942.0,337038675.0,125760437370.0,38874942,KOSPI,tradable_ohlcv
2019-11-07,3205.0,3255.0,3200.0,3230.0,69702.0,224830360.0,125566062660.0,38874942,KOSPI,tradable_ohlcv
2019-11-08,3250.0,3250.0,3220.0,3245.0,38793.0,125650855.0,126149186790.0,38874942,KOSPI,tradable_ohlcv
2019-11-11,3265.0,3265.0,3100.0,3230.0,39729.0,127603300.0,125566062660.0,38874942,KOSPI,tradable_ohlcv
2019-11-12,3200.0,3250.0,3155.0,3190.0,56251.0,179830890.0,124011064980.0,38874942,KOSPI,tradable_ohlcv
2019-11-13,3150.0,3195.0,3150.0,3170.0,28208.0,89650415.0,123233566140.0,38874942,KOSPI,tradable_ohlcv
2019-11-14,3235.0,3235.0,3115.0,3145.0,50113.0,157551965.0,122261692590.0,38874942,KOSPI,tradable_ohlcv
2019-11-15,3150.0,3200.0,3150.0,3175.0,35897.0,114034930.0,123427940850.0,38874942,KOSPI,tradable_ohlcv
2019-11-18,3200.0,3255.0,3185.0,3240.0,64932.0,209251855.0,125954812080.0,38874942,KOSPI,tradable_ohlcv
2019-11-19,3215.0,3230.0,3180.0,3210.0,37292.0,119267045.0,124788563820.0,38874942,KOSPI,tradable_ohlcv
2019-11-20,3180.0,3210.0,3105.0,3105.0,65938.0,207397920.0,120706694910.0,38874942,KOSPI,tradable_ohlcv
2019-11-21,3100.0,3130.0,2995.0,3010.0,110364.0,333842185.0,117013575420.0,38874942,KOSPI,tradable_ohlcv
2019-11-22,3000.0,3040.0,2980.0,3010.0,69225.0,207821875.0,117013575420.0,38874942,KOSPI,tradable_ohlcv
2019-11-25,2980.0,3050.0,2980.0,3025.0,55026.0,166036475.0,117596699550.0,38874942,KOSPI,tradable_ohlcv
2019-11-26,3025.0,3060.0,3025.0,3035.0,20896.0,63466755.0,117985448970.0,38874942,KOSPI,tradable_ohlcv
2019-11-27,3010.0,3065.0,3010.0,3060.0,24339.0,74174605.0,118957322520.0,38874942,KOSPI,tradable_ohlcv
2019-11-28,3060.0,3070.0,3010.0,3030.0,42990.0,130162140.0,117791074260.0,38874942,KOSPI,tradable_ohlcv
2019-11-29,3015.0,3070.0,2990.0,3030.0,42243.0,127077640.0,117791074260.0,38874942,KOSPI,tradable_ohlcv
2019-12-02,3030.0,3030.0,2980.0,2995.0,34752.0,103981185.0,116430451290.0,38874942,KOSPI,tradable_ohlcv
2019-12-03,2950.0,3010.0,2950.0,2985.0,43607.0,129667945.0,116041701870.0,38874942,KOSPI,tradable_ohlcv
2019-12-04,2980.0,2985.0,2905.0,2940.0,85946.0,251373685.0,114292329480.0,38874942,KOSPI,tradable_ohlcv
2019-12-05,2945.0,2945.0,2905.0,2915.0,25113.0,73294200.0,113320455930.0,38874942,KOSPI,tradable_ohlcv
2019-12-06,2885.0,2940.0,2885.0,2920.0,44534.0,129472635.0,113514830640.0,38874942,KOSPI,tradable_ohlcv
2019-12-09,2900.0,2940.0,2900.0,2920.0,25720.0,75099175.0,113514830640.0,38874942,KOSPI,tradable_ohlcv
2019-12-10,2920.0,2945.0,2900.0,2940.0,18639.0,54323065.0,114292329480.0,38874942,KOSPI,tradable_ohlcv
2019-12-11,2940.0,2970.0,2915.0,2915.0,19162.0,56112570.0,113320455930.0,38874942,KOSPI,tradable_ohlcv
2019-12-12,2905.0,2955.0,2905.0,2945.0,25255.0,74089455.0,114486704190.0,38874942,KOSPI,tradable_ohlcv
2019-12-13,2960.0,3020.0,2960.0,2990.0,48417.0,144486295.0,116236076580.0,38874942,KOSPI,tradable_ohlcv
2019-12-16,3010.0,3055.0,2990.0,3000.0,24788.0,74854910.0,116624826000.0,38874942,KOSPI,tradable_ohlcv
2019-12-17,2985.0,3030.0,2925.0,2960.0,76414.0,226339810.0,115069828320.0,38874942,KOSPI,tradable_ohlcv
2019-12-18,2930.0,2965.0,2910.0,2955.0,36805.0,108272990.0,114875453610.0,38874942,KOSPI,tradable_ohlcv
2019-12-19,2955.0,2970.0,2920.0,2950.0,37831.0,111659235.0,114681078900.0,38874942,KOSPI,tradable_ohlcv
2019-12-20,2950.0,3025.0,2910.0,2940.0,34082.0,100527140.0,114292329480.0,38874942,KOSPI,tradable_ohlcv
2019-12-23,2920.0,2935.0,2895.0,2920.0,46592.0,135713140.0,113514830640.0,38874942,KOSPI,tradable_ohlcv
2019-12-24,2960.0,2965.0,2900.0,2910.0,46064.0,134343865.0,113126081220.0,38874942,KOSPI,tradable_ohlcv
2019-12-26,2885.0,2945.0,2885.0,2925.0,37034.0,108063470.0,113709205350.0,38874942,KOSPI,tradable_ohlcv
2019-12-27,2940.0,2965.0,2930.0,2950.0,43413.0,128094920.0,114681078900.0,38874942,KOSPI,tradable_ohlcv
2019-12-30,2920.0,3030.0,2915.0,3000.0,42951.0,127598105.0,116624826000.0,38874942,KOSPI,tradable_ohlcv
