d,o,h,l,c,v,a,mc,s,m,rs
2020-01-02,2155.0,2155.0,2085.0,2130.0,113841.0,241238025.0,39321429450.0,18460765,KOSDAQ,tradable_ohlcv
2020-01-03,2140.0,2350.0,2115.0,2245.0,939728.0,2115512225.0,41444417425.0,18460765,KOSDAQ,tradable_ohlcv
2020-01-06,2255.0,2315.0,2155.0,2195.0,290842.0,648726065.0,40521379175.0,18460765,KOSDAQ,tradable_ohlcv
2020-01-07,2200.0,2250.0,2110.0,2140.0,174199.0,375768955.0,39506037100.0,18460765,KOSDAQ,tradable_ohlcv
2020-01-08,2125.0,2145.0,2005.0,2005.0,196535.0,406233030.0,37013833825.0,18460765,KOSDAQ,tradable_ohlcv
2020-01-09,2145.0,2190.0,2050.0,2080.0,231311.0,488888980.0,38398391200.0,18460765,KOSDAQ,tradable_ohlcv
2020-01-10,2090.0,2130.0,2055.0,2130.0,88289.0,183854680.0,39321429450.0,18460765,KOSDAQ,tradable_ohlcv
2020-01-13,2130.0,2180.0,2075.0,2110.0,139678.0,293806350.0,38952214150.0,18460765,KOSDAQ,tradable_ohlcv
2020-01-14,2140.0,2140.0,2095.0,2115.0,41876.0,88193420.0,39044517975.0,18460765,KOSDAQ,tradable_ohlcv
2020-01-15,2115.0,2215.0,2110.0,2180.0,174255.0,378809780.0,40244467700.0,18460765,KOSDAQ,tradable_ohlcv
2020-01-16,2225.0,2540.0,2175.0,2240.0,1601242.0,3770001300.0,41352113600.0,18460765,KOSDAQ,tradable_ohlcv
2020-01-17,2240.0,2420.0,2185.0,2355.0,666224.0,1536545150.0,43475101575.0,18460765,KOSDAQ,tradable_ohlcv
2020-01-20,2545.0,3060.0,2530.0,3060.0,3580930.0,10455232855.0,56489940900.0,18460765,KOSDAQ,tradable_ohlcv
2020-01-21,3605.0,3875.0,3275.0,3600.0,11219385.0,40165506430.0,66458754000.0,18460765,KOSDAQ,tradable_ohlcv
2020-01-22,3800.0,4080.0,3430.0,3860.0,6840835.0,25549505775.0,71258552900.0,18460765,KOSDAQ,tradable_ohlcv
2020-01-23,3660.0,3785.0,3510.0,3605.0,3365089.0,12275544380.0,66551057825.0,18460765,KOSDAQ,tradable_ohlcv
2020-01-28,4310.0,4310.0,3910.0,3920.0,5002265.0,20735773145.0,72366198800.0,18460765,KOSDAQ,tradable_ohlcv
2020-01-29,3650.0,3725.0,3345.0,3500.0,1806736.0,6318073580.0,64612677500.0,18460765,KOSDAQ,tradable_ohlcv
2020-01-30,3435.0,3695.0,3050.0,3350.0,2832917.0,9521484500.0,61843562750.0,18460765,KOSDAQ,tradable_ohlcv
2020-01-31,3410.0,3500.0,2750.0,2895.0,1389251.0,4278617750.0,53443914675.0,18460765,KOSDAQ,tradable_ohlcv
2020-02-03,2840.0,2890.0,2300.0,2350.0,1303532.0,3308544190.0,43382797750.0,18460765,KOSDAQ,tradable_ohlcv
2020-02-04,2410.0,2970.0,2300.0,2615.0,3046494.0,8122511120.0,48274900475.0,18460765,KOSDAQ,tradable_ohlcv
2020-02-05,2665.0,2695.0,2460.0,2620.0,771160.0,2012276010.0,48367204300.0,18460765,KOSDAQ,tradable_ohlcv
2020-02-06,2650.0,2680.0,2475.0,2570.0,490413.0,1245832835.0,47444166050.0,18460765,KOSDAQ,tradable_ohlcv
2020-02-07,2600.0,3150.0,2600.0,2785.0,3867197.0,11125396835.0,51413230525.0,18460765,KOSDAQ,tradable_ohlcv
2020-02-10,2745.0,2745.0,2515.0,2600.0,586334.0,1543767680.0,47997989000.0,18460765,KOSDAQ,tradable_ohlcv
2020-02-11,2520.0,3100.0,2460.0,2955.0,3832797.0,11081222310.0,54551560575.0,18460765,KOSDAQ,tradable_ohlcv
2020-02-12,2855.0,2920.0,2690.0,2690.0,891247.0,2471401250.0,49659457850.0,18460765,KOSDAQ,tradable_ohlcv
2020-02-13,2705.0,2765.0,2570.0,2700.0,557740.0,1492050445.0,49844065500.0,18460765,KOSDAQ,tradable_ohlcv
2020-02-14,2725.0,2760.0,2570.0,2640.0,390447.0,1046382975.0,48736419600.0,18460765,KOSDAQ,tradable_ohlcv
2020-02-17,2650.0,2690.0,2545.0,2580.0,238297.0,615762165.0,47628773700.0,18460765,KOSDAQ,tradable_ohlcv
2020-02-18,2580.0,2650.0,2480.0,2585.0,559795.0,1437422190.0,47721077525.0,18460765,KOSDAQ,tradable_ohlcv
2020-02-19,2595.0,2960.0,2560.0,2850.0,1852244.0,5228880075.0,52613180250.0,18460765,KOSDAQ,tradable_ohlcv
2020-02-20,2980.0,3675.0,2900.0,3320.0,7227422.0,24247680825.0,61289739800.0,18460765,KOSDAQ,tradable_ohlcv
2020-02-21,3550.0,3580.0,3005.0,3210.0,2099658.0,6896376755.0,59259055650.0,18460765,KOSDAQ,tradable_ohlcv
2020-02-24,3495.0,3555.0,3000.0,3090.0,1537646.0,5031968355.0,57043763850.0,18460765,KOSDAQ,tradable_ohlcv
2020-02-25,3035.0,3060.0,2700.0,2800.0,583354.0,1644410845.0,51690142000.0,18460765,KOSDAQ,tradable_ohlcv
2020-02-26,2835.0,2915.0,2635.0,2750.0,843534.0,2373711400.0,50767103750.0,18460765,KOSDAQ,tradable_ohlcv
2020-02-27,3120.0,3325.0,2810.0,2825.0,3542801.0,10911543640.0,52151661125.0,18460765,KOSDAQ,tradable_ohlcv
2020-02-28,2750.0,3000.0,2670.0,2820.0,789167.0,2233692710.0,52059357300.0,18460765,KOSDAQ,tradable_ohlcv
2020-03-02,2820.0,2920.0,2660.0,2810.0,406969.0,1113617575.0,51874749650.0,18460765,KOSDAQ,tradable_ohlcv
2020-03-03,2780.0,3350.0,2710.0,2910.0,3872688.0,11840866635.0,53720826150.0,18460765,KOSDAQ,tradable_ohlcv
2020-03-04,2905.0,3075.0,2835.0,3005.0,1295403.0,3835812330.0,55474598825.0,18460765,KOSDAQ,tradable_ohlcv
2020-03-05,2980.0,3090.0,2900.0,2920.0,966304.0,2879083880.0,53905433800.0,18460765,KOSDAQ,tradable_ohlcv
2020-03-06,3000.0,3230.0,2935.0,3125.0,3359932.0,10442729150.0,57689890625.0,18460765,KOSDAQ,tradable_ohlcv
2020-03-09,3155.0,3710.0,3110.0,3710.0,5764080.0,19389752355.0,68489438150.0,18460765,KOSDAQ,tradable_ohlcv
2020-03-10,3410.0,4820.0,3050.0,4820.0,21128545.0,94513505550.0,88980887300.0,18460765,KOSDAQ,tradable_ohlcv
2020-03-11,5660.0,5820.0,4880.0,5070.0,16262975.0,85826526640.0,93596078550.0,18460765,KOSDAQ,tradable_ohlcv
2020-03-12,5100.0,5230.0,4460.0,4740.0,3711551.0,17835763825.0,87504026100.0,18460765,KOSDAQ,tradable_ohlcv
2020-03-13,4190.0,4195.0,3420.0,3690.0,3015977.0,11410397640.0,68120222850.0,18460765,KOSDAQ,tradable_ohlcv
2020-03-16,3860.0,4295.0,3465.0,3935.0,4149767.0,16435093975.0,72643110275.0,18460765,KOSDAQ,tradable_ohlcv
2020-03-17,3665.0,4350.0,3605.0,4170.0,3321597.0,13426005300.0,76981390050.0,18460765,KOSDAQ,tradable_ohlcv
2020-03-18,4350.0,5200.0,4230.0,4520.0,8017050.0,37423278690.0,83442657800.0,18460765,KOSDAQ,tradable_ohlcv
2020-03-19,4635.0,4650.0,3960.0,4160.0,1882888.0,8141609495.0,76796782400.0,18460765,KOSDAQ,tradable_ohlcv
2020-03-20,4430.0,4570.0,4190.0,4255.0,1817591.0,7933122110.0,78550555075.0,18460765,KOSDAQ,tradable_ohlcv
2020-03-23,5450.0,5500.0,5000.0,5400.0,6308284.0,33125016155.0,99688131000.0,18460765,KOSDAQ,tradable_ohlcv
2020-03-24,5130.0,5770.0,4915.0,5320.0,3515591.0,18764076595.0,98211269800.0,18460765,KOSDAQ,tradable_ohlcv
2020-03-25,5800.0,6320.0,5340.0,6050.0,8751618.0,51626645070.0,111687628250.0,18460765,KOSDAQ,tradable_ohlcv
2020-03-26,7080.0,7850.0,6980.0,7790.0,6332568.0,46663358390.0,143809359350.0,18460765,KOSDAQ,tradable_ohlcv
2020-03-27,0.0,0.0,0.0,7790.0,0.0,0.0,143809359350.0,18460765,KOSDAQ,non_tradable_zero_volume
2020-03-30,10000.0,10100.0,9300.0,10100.0,6698433.0,65732657050.0,186453726500.0,18460765,KOSDAQ,tradable_ohlcv
2020-03-31,0.0,0.0,0.0,10100.0,0.0,0.0,186453726500.0,18460765,KOSDAQ,non_tradable_zero_volume
2020-04-01,11000.0,12300.0,8760.0,9580.0,7455881.0,79388402440.0,176854128700.0,18460765,KOSDAQ,tradable_ohlcv
2020-04-02,9000.0,9180.0,7090.0,7420.0,4533037.0,35347342590.0,136978876300.0,18460765,KOSDAQ,tradable_ohlcv
2020-04-03,7420.0,8160.0,6860.0,7440.0,3934933.0,29218986050.0,140656964640.0,18905506,KOSDAQ,tradable_ohlcv
2020-04-06,7960.0,7960.0,7420.0,7700.0,2851995.0,22080307250.0,145572396200.0,18905506,KOSDAQ,tradable_ohlcv
2020-04-07,8500.0,8540.0,7750.0,7980.0,5217292.0,42711018950.0,150865937880.0,18905506,KOSDAQ,tradable_ohlcv
2020-04-08,8000.0,8000.0,7210.0,7400.0,2456185.0,18103859970.0,139900744400.0,18905506,KOSDAQ,tradable_ohlcv
2020-04-09,7360.0,7470.0,7090.0,7160.0,1272802.0,9210656930.0,135363422960.0,18905506,KOSDAQ,tradable_ohlcv
2020-04-10,7250.0,7250.0,5960.0,6450.0,1865025.0,12282446510.0,121940513700.0,18905506,KOSDAQ,tradable_ohlcv
2020-04-13,6900.0,8350.0,6760.0,7430.0,10218576.0,78002021360.0,140467909580.0,18905506,KOSDAQ,tradable_ohlcv
2020-04-14,7670.0,7930.0,7150.0,7310.0,2502404.0,18812473960.0,138199248860.0,18905506,KOSDAQ,tradable_ohlcv
2020-04-16,7310.0,7380.0,6550.0,6910.0,1264625.0,8641358890.0,130637046460.0,18905506,KOSDAQ,tradable_ohlcv
2020-04-17,6910.0,6910.0,6290.0,6340.0,1178784.0,7618452650.0,119860908040.0,18905506,KOSDAQ,tradable_ohlcv
2020-04-20,6710.0,7630.0,6500.0,7450.0,2543079.0,17784488380.0,140846019700.0,18905506,KOSDAQ,tradable_ohlcv
2020-04-21,7450.0,7570.0,6480.0,7450.0,1690833.0,12074320790.0,140846019700.0,18905506,KOSDAQ,tradable_ohlcv
2020-04-22,7210.0,7700.0,7070.0,7370.0,902350.0,6648522460.0,139333579220.0,18905506,KOSDAQ,tradable_ohlcv
2020-04-23,7380.0,7600.0,7150.0,7550.0,677004.0,5002363720.0,142736570300.0,18905506,KOSDAQ,tradable_ohlcv
2020-04-24,7500.0,7800.0,7040.0,7450.0,717905.0,5370915090.0,140846019700.0,18905506,KOSDAQ,tradable_ohlcv
2020-04-27,7400.0,7650.0,7110.0,7430.0,488279.0,3638153090.0,140467909580.0,18905506,KOSDAQ,tradable_ohlcv
2020-04-28,7690.0,8100.0,7360.0,7650.0,2200729.0,17097574700.0,144627120900.0,18905506,KOSDAQ,tradable_ohlcv
2020-04-29,7800.0,8000.0,7520.0,7940.0,1438748.0,11236745400.0,150109717640.0,18905506,KOSDAQ,tradable_ohlcv
2020-05-04,8000.0,8920.0,7900.0,8630.0,2930775.0,24879777630.0,163154516780.0,18905506,KOSDAQ,tradable_ohlcv
2020-05-06,8660.0,8780.0,8150.0,8620.0,948412.0,8039935460.0,162965461720.0,18905506,KOSDAQ,tradable_ohlcv
2020-05-07,9010.0,10150.0,8980.0,9460.0,3748195.0,35712603980.0,178846086760.0,18905506,KOSDAQ,tradable_ohlcv
2020-05-08,9580.0,10450.0,9300.0,10300.0,1714913.0,17166360640.0,194726711800.0,18905506,KOSDAQ,tradable_ohlcv
2020-05-11,11200.0,13350.0,10650.0,13350.0,7336679.0,92251884350.0,252388505100.0,18905506,KOSDAQ,tradable_ohlcv
2020-05-12,12800.0,13450.0,11700.0,12250.0,3208832.0,40030715100.0,231592448500.0,18905506,KOSDAQ,tradable_ohlcv
2020-05-13,12650.0,12800.0,11450.0,12600.0,1376184.0,16774774150.0,238209375600.0,18905506,KOSDAQ,tradable_ohlcv
2020-05-14,12300.0,14150.0,11800.0,12600.0,2845603.0,37037892550.0,238209375600.0,18905506,KOSDAQ,tradable_ohlcv
2020-05-15,14450.0,14500.0,12600.0,12900.0,2392035.0,32081735250.0,243881027400.0,18905506,KOSDAQ,tradable_ohlcv
2020-05-18,12600.0,13050.0,11700.0,12400.0,1295395.0,15901776900.0,234428274400.0,18905506,KOSDAQ,tradable_ohlcv
2020-05-19,11450.0,12400.0,11400.0,12200.0,963231.0,11317649100.0,230647173200.0,18905506,KOSDAQ,tradable_ohlcv
2020-05-20,13000.0,13000.0,12300.0,12600.0,517762.0,6529683100.0,238209375600.0,18905506,KOSDAQ,tradable_ohlcv
2020-05-21,12700.0,12850.0,12450.0,12650.0,400071.0,5060692650.0,239154650900.0,18905506,KOSDAQ,tradable_ohlcv
2020-05-22,13000.0,14250.0,12950.0,13900.0,2033059.0,27789484600.0,262786533400.0,18905506,KOSDAQ,tradable_ohlcv
2020-05-25,13300.0,14200.0,13050.0,14100.0,868096.0,12006493100.0,266567634600.0,18905506,KOSDAQ,tradable_ohlcv
2020-05-26,14350.0,14350.0,13750.0,14300.0,494964.0,6960932200.0,270348735800.0,18905506,KOSDAQ,tradable_ohlcv
2020-05-27,14100.0,14500.0,13900.0,14500.0,368023.0,5220492250.0,274129837000.0,18905506,KOSDAQ,tradable_ohlcv
2020-05-28,14500.0,15850.0,14300.0,15350.0,838771.0,12720532950.0,290199517100.0,18905506,KOSDAQ,tradable_ohlcv
2020-05-29,15450.0,15650.0,14100.0,14850.0,728184.0,10885365900.0,280746764100.0,18905506,KOSDAQ,tradable_ohlcv
2020-06-01,14650.0,15400.0,14650.0,15350.0,435877.0,6531218950.0,290199517100.0,18905506,KOSDAQ,tradable_ohlcv
2020-06-02,15400.0,15600.0,15100.0,15100.0,366616.0,5606242400.0,285473140600.0,18905506,KOSDAQ,tradable_ohlcv
2020-06-03,14800.0,14950.0,13350.0,14150.0,893081.0,12626904350.0,267512909900.0,18905506,KOSDAQ,tradable_ohlcv
2020-06-04,14000.0,14800.0,13450.0,14200.0,564378.0,7955727000.0,268458185200.0,18905506,KOSDAQ,tradable_ohlcv
2020-06-05,15150.0,15750.0,14700.0,15250.0,1257951.0,19152613700.0,288308966500.0,18905506,KOSDAQ,tradable_ohlcv
2020-06-08,15900.0,18400.0,15500.0,16150.0,2588693.0,42568314600.0,305323921900.0,18905506,KOSDAQ,tradable_ohlcv
2020-06-09,15800.0,16400.0,15350.0,16350.0,800486.0,12685169250.0,309105023100.0,18905506,KOSDAQ,tradable_ohlcv
2020-06-10,15500.0,16300.0,15250.0,16100.0,775460.0,12266301950.0,304378646600.0,18905506,KOSDAQ,tradable_ohlcv
2020-06-11,16300.0,16300.0,15100.0,15500.0,551733.0,8655954050.0,293035343000.0,18905506,KOSDAQ,tradable_ohlcv
2020-06-12,15300.0,15900.0,14900.0,15500.0,467539.0,7209213200.0,293035343000.0,18905506,KOSDAQ,tradable_ohlcv
2020-06-15,16500.0,16500.0,14350.0,14600.0,776303.0,12185126450.0,276020387600.0,18905506,KOSDAQ,tradable_ohlcv
2020-06-16,15000.0,15400.0,14700.0,15100.0,560436.0,8430799900.0,285473140600.0,18905506,KOSDAQ,tradable_ohlcv
2020-06-17,14900.0,15150.0,13800.0,14700.0,577995.0,8428515550.0,277910938200.0,18905506,KOSDAQ,tradable_ohlcv
2020-06-18,14150.0,14400.0,12450.0,12800.0,1229710.0,16314787950.0,241990476800.0,18905506,KOSDAQ,tradable_ohlcv
2020-06-19,12800.0,12900.0,11750.0,12900.0,1097208.0,13502678500.0,243881027400.0,18905506,KOSDAQ,tradable_ohlcv
2020-06-22,12900.0,13350.0,12400.0,12650.0,502052.0,6459743750.0,239154650900.0,18905506,KOSDAQ,tradable_ohlcv
2020-06-23,12600.0,12600.0,11650.0,12000.0,490847.0,5937729800.0,226866072000.0,18905506,KOSDAQ,tradable_ohlcv
2020-06-24,12800.0,15600.0,12050.0,15600.0,4800544.0,72102673550.0,310050561600.0,19875036,KOSDAQ,tradable_ohlcv
2020-06-25,16000.0,18000.0,14000.0,14250.0,3438881.0,55006091850.0,283219263000.0,19875036,KOSDAQ,tradable_ohlcv
2020-06-26,14000.0,16000.0,13550.0,14850.0,2029857.0,29930052500.0,295144284600.0,19875036,KOSDAQ,tradable_ohlcv
2020-06-29,17500.0,17500.0,15100.0,15400.0,1476426.0,23462791250.0,306075554400.0,19875036,KOSDAQ,tradable_ohlcv
2020-06-30,15450.0,15550.0,14750.0,15000.0,415176.0,6244479450.0,298125540000.0,19875036,KOSDAQ,tradable_ohlcv
2020-07-01,14600.0,15100.0,14150.0,14500.0,412670.0,6003187300.0,288188022000.0,19875036,KOSDAQ,tradable_ohlcv
2020-07-02,14400.0,15100.0,14300.0,14350.0,326210.0,4760753550.0,285206766600.0,19875036,KOSDAQ,tradable_ohlcv
2020-07-03,14200.0,15100.0,14150.0,14950.0,423694.0,6235848450.0,297131788200.0,19875036,KOSDAQ,tradable_ohlcv
2020-07-06,15150.0,15150.0,14500.0,14700.0,289096.0,4267559450.0,292163029200.0,19875036,KOSDAQ,tradable_ohlcv
2020-07-07,14600.0,14800.0,14100.0,14350.0,317873.0,4575511750.0,285206766600.0,19875036,KOSDAQ,tradable_ohlcv
2020-07-08,14350.0,14350.0,13550.0,13700.0,381025.0,5283153600.0,272287993200.0,19875036,KOSDAQ,tradable_ohlcv
2020-07-09,13700.0,13850.0,13000.0,13750.0,428749.0,5721206600.0,273281745000.0,19875036,KOSDAQ,tradable_ohlcv
2020-07-10,13800.0,14700.0,13400.0,14350.0,643002.0,9086298250.0,285206766600.0,19875036,KOSDAQ,tradable_ohlcv
2020-07-13,14700.0,15350.0,14450.0,14850.0,551086.0,8157473450.0,295144284600.0,19875036,KOSDAQ,tradable_ohlcv
2020-07-14,14850.0,15050.0,14100.0,14950.0,322742.0,4739260550.0,297131788200.0,19875036,KOSDAQ,tradable_ohlcv
2020-07-15,15050.0,15050.0,14000.0,14100.0,412942.0,5904630550.0,280238007600.0,19875036,KOSDAQ,tradable_ohlcv
2020-07-16,15050.0,18300.0,14950.0,17750.0,8139281.0,141066877550.0,352781889000.0,19875036,KOSDAQ,tradable_ohlcv
2020-07-17,18150.0,23050.0,17150.0,22650.0,11423882.0,242291449300.0,450169565400.0,19875036,KOSDAQ,tradable_ohlcv
2020-07-20,25500.0,25800.0,18200.0,19950.0,17850386.0,358224334500.0,396506968200.0,19875036,KOSDAQ,tradable_ohlcv
2020-07-21,20400.0,23950.0,18850.0,19150.0,16442158.0,346270809500.0,380606939400.0,19875036,KOSDAQ,tradable_ohlcv
2020-07-22,19350.0,19750.0,17450.0,18400.0,7725750.0,142304383900.0,365700662400.0,19875036,KOSDAQ,tradable_ohlcv
2020-07-23,17900.0,19400.0,17500.0,18400.0,7203260.0,133507493350.0,365700662400.0,19875036,KOSDAQ,tradable_ohlcv
2020-07-24,18050.0,18700.0,17000.0,17000.0,3388994.0,60761067050.0,337875612000.0,19875036,KOSDAQ,tradable_ohlcv
2020-07-27,17550.0,17550.0,16300.0,16500.0,2086304.0,35272731750.0,327938094000.0,19875036,KOSDAQ,tradable_ohlcv
2020-07-28,16900.0,17150.0,15500.0,16250.0,1883806.0,30771601350.0,322969335000.0,19875036,KOSDAQ,tradable_ohlcv
2020-07-29,16350.0,16500.0,15700.0,16050.0,1100910.0,17647689400.0,318994327800.0,19875036,KOSDAQ,tradable_ohlcv
2020-07-30,16050.0,17550.0,15800.0,16950.0,2988493.0,50419283150.0,336881860200.0,19875036,KOSDAQ,tradable_ohlcv
2020-07-31,17200.0,17350.0,16600.0,16700.0,1072993.0,18138935300.0,331913101200.0,19875036,KOSDAQ,tradable_ohlcv
2020-08-03,16900.0,18050.0,16250.0,17450.0,2878358.0,49768813800.0,346819378200.0,19875036,KOSDAQ,tradable_ohlcv
2020-08-04,17800.0,17950.0,16700.0,16950.0,1230112.0,21010929300.0,336881860200.0,19875036,KOSDAQ,tradable_ohlcv
2020-08-05,17050.0,17150.0,16550.0,16650.0,748983.0,12559769650.0,330919349400.0,19875036,KOSDAQ,tradable_ohlcv
2020-08-06,16700.0,16750.0,16050.0,16200.0,877192.0,14302005900.0,321975583200.0,19875036,KOSDAQ,tradable_ohlcv
2020-08-07,16300.0,17100.0,16050.0,16700.0,1137653.0,18958267100.0,331913101200.0,19875036,KOSDAQ,tradable_ohlcv
2020-08-10,16400.0,16900.0,16200.0,16600.0,634974.0,10463555450.0,329925597600.0,19875036,KOSDAQ,tradable_ohlcv
2020-08-11,16000.0,16350.0,15950.0,16100.0,635933.0,10234385100.0,319988079600.0,19875036,KOSDAQ,tradable_ohlcv
2020-08-12,16100.0,16300.0,14500.0,15250.0,983500.0,15160381200.0,303094299000.0,19875036,KOSDAQ,tradable_ohlcv
2020-08-13,15250.0,19750.0,14700.0,19000.0,10958054.0,198795510850.0,377625684000.0,19875036,KOSDAQ,tradable_ohlcv
2020-08-14,16500.0,17500.0,15500.0,15900.0,3644136.0,59288116900.0,316013072400.0,19875036,KOSDAQ,tradable_ohlcv
2020-08-18,16650.0,16750.0,15800.0,16150.0,1654810.0,26806862250.0,320981831400.0,19875036,KOSDAQ,tradable_ohlcv
2020-08-19,16400.0,16800.0,16050.0,16250.0,1542949.0,25276582400.0,322969335000.0,19875036,KOSDAQ,tradable_ohlcv
2020-08-20,16450.0,18200.0,16250.0,17350.0,4788227.0,83019200900.0,344831874600.0,19875036,KOSDAQ,tradable_ohlcv
2020-08-21,16900.0,17100.0,16050.0,16450.0,1195580.0,19738657700.0,326944342200.0,19875036,KOSDAQ,tradable_ohlcv
2020-08-24,16950.0,18150.0,16650.0,17550.0,3067554.0,53461310850.0,348806881800.0,19875036,KOSDAQ,tradable_ohlcv
2020-08-25,18000.0,18750.0,17550.0,17850.0,2373558.0,42921224200.0,354769392600.0,19875036,KOSDAQ,tradable_ohlcv
2020-08-26,18000.0,19200.0,17500.0,19150.0,4286295.0,79529000150.0,380606939400.0,19875036,KOSDAQ,tradable_ohlcv
2020-08-27,19100.0,19350.0,18100.0,18450.0,2268355.0,42397790450.0,366694414200.0,19875036,KOSDAQ,tradable_ohlcv
2020-08-28,19800.0,20500.0,18200.0,18200.0,3157526.0,60731134200.0,361725655200.0,19875036,KOSDAQ,tradable_ohlcv
2020-08-31,18950.0,19450.0,18350.0,18800.0,1766906.0,33405528400.0,373650676800.0,19875036,KOSDAQ,tradable_ohlcv
2020-09-01,18550.0,19600.0,17950.0,18450.0,1967248.0,36888958700.0,366694414200.0,19875036,KOSDAQ,tradable_ohlcv
2020-09-02,18350.0,18550.0,17650.0,18250.0,932184.0,16852764700.0,362759520500.0,19877234,KOSDAQ,tradable_ohlcv
2020-09-03,18200.0,18700.0,18000.0,18150.0,846347.0,15483258600.0,360771797100.0,19877234,KOSDAQ,tradable_ohlcv
2020-09-04,17100.0,18000.0,17100.0,17900.0,764426.0,13459034700.0,355802488600.0,19877234,KOSDAQ,tradable_ohlcv
2020-09-07,17700.0,18550.0,17550.0,18100.0,646222.0,11725965150.0,359777935400.0,19877234,KOSDAQ,tradable_ohlcv
2020-09-08,18650.0,19150.0,18150.0,18450.0,1781607.0,33270405650.0,366734967300.0,19877234,KOSDAQ,tradable_ohlcv
2020-09-09,16000.0,16600.0,15000.0,15350.0,3061789.0,48398526200.0,305115541900.0,19877234,KOSDAQ,tradable_ohlcv
2020-09-10,16200.0,16550.0,15900.0,16450.0,978376.0,15827316800.0,326980499300.0,19877234,KOSDAQ,tradable_ohlcv
2020-09-11,16600.0,16650.0,15950.0,16550.0,489318.0,7942849000.0,328968222700.0,19877234,KOSDAQ,tradable_ohlcv
2020-09-14,17600.0,17800.0,17050.0,17400.0,809755.0,14050504750.0,345863871600.0,19877234,KOSDAQ,tradable_ohlcv
2020-09-15,17400.0,17550.0,17050.0,17250.0,424331.0,7321687900.0,342882286500.0,19877234,KOSDAQ,tradable_ohlcv
2020-09-16,16900.0,17050.0,16350.0,16600.0,546990.0,9117169000.0,329962084400.0,19877234,KOSDAQ,tradable_ohlcv
2020-09-17,16900.0,16900.0,15900.0,16500.0,451699.0,7335930800.0,327974361000.0,19877234,KOSDAQ,tradable_ohlcv
2020-09-18,16450.0,16450.0,16000.0,16300.0,248833.0,4025726900.0,323998914200.0,19877234,KOSDAQ,tradable_ohlcv
2020-09-21,16250.0,16250.0,15250.0,15750.0,505130.0,7876084900.0,313066435500.0,19877234,KOSDAQ,tradable_ohlcv
2020-09-22,16600.0,18450.0,16050.0,16200.0,4994868.0,86646119150.0,322011190800.0,19877234,KOSDAQ,tradable_ohlcv
2020-09-23,16100.0,16250.0,15000.0,15600.0,745536.0,11588304500.0,310084850400.0,19877234,KOSDAQ,tradable_ohlcv
2020-09-24,15100.0,15500.0,14200.0,14300.0,675298.0,9954581750.0,284244446200.0,19877234,KOSDAQ,tradable_ohlcv
2020-09-25,14300.0,14700.0,13550.0,14100.0,408573.0,5818350550.0,280268999400.0,19877234,KOSDAQ,tradable_ohlcv
2020-09-28,14150.0,14600.0,14050.0,14250.0,161925.0,2314931700.0,283250584500.0,19877234,KOSDAQ,tradable_ohlcv
2020-09-29,15350.0,17200.0,14600.0,15900.0,3101117.0,49934003700.0,316048020600.0,19877234,KOSDAQ,tradable_ohlcv
2020-10-05,16800.0,16800.0,15800.0,16500.0,817647.0,13329016700.0,327974361000.0,19877234,KOSDAQ,tradable_ohlcv
2020-10-06,16650.0,17700.0,16550.0,16700.0,1837640.0,31367205100.0,331949807800.0,19877234,KOSDAQ,tradable_ohlcv
2020-10-07,16850.0,16900.0,16150.0,16300.0,345980.0,5687208000.0,323998914200.0,19877234,KOSDAQ,tradable_ohlcv
2020-10-08,16850.0,16950.0,16300.0,16900.0,497018.0,8293131050.0,335925254600.0,19877234,KOSDAQ,tradable_ohlcv
2020-10-12,17300.0,17400.0,16400.0,16500.0,424378.0,7078726250.0,327974361000.0,19877234,KOSDAQ,tradable_ohlcv
2020-10-13,17400.0,17750.0,16600.0,16850.0,1378444.0,23722392650.0,334931392900.0,19877234,KOSDAQ,tradable_ohlcv
2020-10-14,16900.0,16950.0,16200.0,16350.0,425323.0,6983000550.0,324992775900.0,19877234,KOSDAQ,tradable_ohlcv
2020-10-15,16300.0,16300.0,15100.0,15600.0,481273.0,7483554500.0,310084850400.0,19877234,KOSDAQ,tradable_ohlcv
2020-10-16,15300.0,15600.0,14900.0,15400.0,323598.0,4903360050.0,306109403600.0,19877234,KOSDAQ,tradable_ohlcv
2020-10-19,15700.0,15750.0,15150.0,15500.0,162454.0,2505540050.0,308097127000.0,19877234,KOSDAQ,tradable_ohlcv
2020-10-20,15000.0,15350.0,14550.0,15100.0,234113.0,3494937900.0,306234553400.0,20280434,KOSDAQ,tradable_ohlcv
2020-10-21,15500.0,15750.0,15000.0,15750.0,295536.0,4547312350.0,319416835500.0,20280434,KOSDAQ,tradable_ohlcv
2020-10-22,15050.0,15500.0,15000.0,15350.0,186220.0,2827964500.0,311304661900.0,20280434,KOSDAQ,tradable_ohlcv
2020-10-23,15700.0,15800.0,15100.0,15750.0,230203.0,3572980400.0,319416835500.0,20280434,KOSDAQ,tradable_ohlcv
2020-10-26,16100.0,16450.0,15350.0,16300.0,503645.0,8045413600.0,330571074200.0,20280434,KOSDAQ,tradable_ohlcv
2020-10-27,16350.0,17450.0,16150.0,16850.0,2219519.0,37472559000.0,341725312900.0,20280434,KOSDAQ,tradable_ohlcv
2020-10-28,17150.0,17200.0,16500.0,16550.0,618159.0,10387509250.0,335641182700.0,20280434,KOSDAQ,tradable_ohlcv
2020-10-29,16400.0,17100.0,16300.0,16900.0,1088482.0,18280073150.0,342739334600.0,20280434,KOSDAQ,tradable_ohlcv
2020-10-30,16800.0,16850.0,16400.0,16500.0,331099.0,5484163150.0,334627161000.0,20280434,KOSDAQ,tradable_ohlcv
2020-11-02,16500.0,16550.0,16050.0,16200.0,195046.0,3168762250.0,328543030800.0,20280434,KOSDAQ,tradable_ohlcv
2020-11-03,16100.0,17000.0,16100.0,16500.0,571283.0,9451882050.0,334627161000.0,20280434,KOSDAQ,tradable_ohlcv
2020-11-04,16600.0,16650.0,15950.0,16050.0,354670.0,5746004600.0,325500965700.0,20280434,KOSDAQ,tradable_ohlcv
2020-11-05,16400.0,16450.0,16000.0,16100.0,230815.0,3740587400.0,326514987400.0,20280434,KOSDAQ,tradable_ohlcv
2020-11-06,16200.0,16650.0,16100.0,16650.0,439046.0,7198994100.0,337669226100.0,20280434,KOSDAQ,tradable_ohlcv
2020-11-09,17050.0,18300.0,16850.0,18150.0,2696444.0,47762731600.0,368089877100.0,20280434,KOSDAQ,tradable_ohlcv
2020-11-10,17200.0,19800.0,16750.0,18700.0,3890164.0,71916890250.0,379244115800.0,20280434,KOSDAQ,tradable_ohlcv
2020-11-11,19150.0,19550.0,18000.0,18400.0,2251700.0,42707446050.0,373159985600.0,20280434,KOSDAQ,tradable_ohlcv
2020-11-12,18800.0,19250.0,18000.0,19250.0,1319868.0,24795825300.0,390398354500.0,20280434,KOSDAQ,tradable_ohlcv
2020-11-13,18900.0,20750.0,18400.0,20300.0,3309596.0,65322645550.0,411692810200.0,20280434,KOSDAQ,tradable_ohlcv
2020-11-16,20150.0,21450.0,19750.0,20400.0,2006186.0,40937787100.0,413720853600.0,20280434,KOSDAQ,tradable_ohlcv
2020-11-17,20000.0,22750.0,19650.0,22300.0,4344864.0,93271294950.0,452253678200.0,20280434,KOSDAQ,tradable_ohlcv
2020-11-18,23400.0,28950.0,23200.0,28300.0,17318687.0,471822306500.0,573936282200.0,20280434,KOSDAQ,tradable_ohlcv
2020-11-19,28300.0,35300.0,25950.0,30900.0,22085636.0,679912280700.0,626665410600.0,20280434,KOSDAQ,tradable_ohlcv
2020-11-20,33700.0,35500.0,28750.0,31000.0,11257349.0,361688471000.0,628693454000.0,20280434,KOSDAQ,tradable_ohlcv
2020-11-23,29850.0,32300.0,29650.0,30900.0,1208187.0,37022222650.0,626665410600.0,20280434,KOSDAQ,tradable_ohlcv
2020-11-24,32000.0,32000.0,29600.0,30050.0,823498.0,24941093200.0,609427041700.0,20280434,KOSDAQ,tradable_ohlcv
2020-11-25,31000.0,33900.0,31000.0,33900.0,1370186.0,44627309500.0,687506712600.0,20280434,KOSDAQ,tradable_ohlcv
2020-11-26,34300.0,34850.0,27800.0,29100.0,7444702.0,228236733350.0,590160629400.0,20280434,KOSDAQ,tradable_ohlcv
2020-11-27,26950.0,30100.0,25600.0,27700.0,5543556.0,154402729250.0,561768021800.0,20280434,KOSDAQ,tradable_ohlcv
2020-11-30,27950.0,28250.0,26800.0,26900.0,1179463.0,32286187450.0,545543674600.0,20280434,KOSDAQ,tradable_ohlcv
2020-12-01,27600.0,28000.0,26800.0,26950.0,1186867.0,32461173200.0,546557696300.0,20280434,KOSDAQ,tradable_ohlcv
2020-12-02,26550.0,28400.0,25950.0,28400.0,1458659.0,39735359350.0,575964325600.0,20280434,KOSDAQ,tradable_ohlcv
2020-12-03,29900.0,31200.0,27950.0,29400.0,2173043.0,63799693900.0,596244759600.0,20280434,KOSDAQ,tradable_ohlcv
2020-12-04,29100.0,29400.0,27600.0,28650.0,1083226.0,30779197950.0,581034434100.0,20280434,KOSDAQ,tradable_ohlcv
2020-12-07,29300.0,30800.0,28000.0,30100.0,1976726.0,58519814700.0,610441063400.0,20280434,KOSDAQ,tradable_ohlcv
2020-12-08,30400.0,32000.0,27400.0,28000.0,3069594.0,91184814100.0,567852152000.0,20280434,KOSDAQ,tradable_ohlcv
2020-12-09,27700.0,28400.0,26350.0,26600.0,1385327.0,37562726350.0,539459544400.0,20280434,KOSDAQ,tradable_ohlcv
2020-12-10,25200.0,25900.0,24000.0,24250.0,1769193.0,43677166650.0,491800524500.0,20280434,KOSDAQ,tradable_ohlcv
2020-12-11,24300.0,25300.0,24100.0,24950.0,852310.0,21067413000.0,505996828300.0,20280434,KOSDAQ,tradable_ohlcv
2020-12-14,24950.0,26150.0,24700.0,25650.0,925494.0,23602351700.0,520193132100.0,20280434,KOSDAQ,tradable_ohlcv
2020-12-15,25050.0,25800.0,24600.0,25350.0,541916.0,13580075500.0,514109001900.0,20280434,KOSDAQ,tradable_ohlcv
2020-12-16,25750.0,26150.0,25150.0,25750.0,558795.0,14350721950.0,522221175500.0,20280434,KOSDAQ,tradable_ohlcv
2020-12-17,25700.0,26350.0,25250.0,26000.0,634439.0,16415129800.0,527291284000.0,20280434,KOSDAQ,tradable_ohlcv
2020-12-18,25950.0,28500.0,25150.0,25500.0,2501842.0,67003963850.0,517151067000.0,20280434,KOSDAQ,tradable_ohlcv
2020-12-21,26500.0,27150.0,26150.0,26650.0,928680.0,24744330600.0,540473566100.0,20280434,KOSDAQ,tradable_ohlcv
2020-12-22,26400.0,26950.0,25500.0,25700.0,723238.0,18798388500.0,521207153800.0,20280434,KOSDAQ,tradable_ohlcv
2020-12-23,26000.0,26100.0,23950.0,24350.0,726929.0,18037615950.0,493828567900.0,20280434,KOSDAQ,tradable_ohlcv
2020-12-24,24000.0,25450.0,23800.0,25300.0,754471.0,18572401000.0,513094980200.0,20280434,KOSDAQ,tradable_ohlcv
2020-12-28,27250.0,27900.0,24450.0,24450.0,2604997.0,68579593700.0,495856611300.0,20280434,KOSDAQ,tradable_ohlcv
2020-12-29,25300.0,26900.0,25050.0,26800.0,1445295.0,37744648850.0,543515631200.0,20280434,KOSDAQ,tradable_ohlcv
2020-12-30,25900.0,26250.0,25500.0,25950.0,1152063.0,30253586250.0,526277262300.0,20280434,KOSDAQ,tradable_ohlcv
